       7.6711225       105.57388
       8.2313332       216.32099
      -68.814576       178.53863
      -36.996685       303.76076
       15.507822       311.98774
      -34.290207       240.25663
       3.9160288       189.27476
      -38.945381       158.59194
       14.664732       259.20350
      -4.2126326       148.34108
      -57.051596       236.81197
       70.351265       169.49615
       27.572601       347.67923
       56.793146       336.51075
      -65.279129       325.43296
       3.9217705       311.29270
       48.120913       201.16643
      -58.137859       187.03702
       6.3557030       270.29174
      -18.846969       125.62992
       40.618351       228.64877
      -44.521188       255.39310
      -9.7360100       112.40264
       32.220895       358.54227
      -38.243033       204.54969
      -31.349280       57.773583
      -41.027580       228.50471
       52.573180       226.01984
       28.035939       339.75869
      -70.580440       283.09218
      -38.879708       162.53875
      -23.909430       60.494802
       42.730950       7.1808399
      -5.9868664       33.342412
      -6.8438136       4.9419795
      -4.6864711       251.48245
      -8.5281896       10.369368
       23.030272       261.07500
      -58.357268       260.76103
       56.396751       240.06825
       36.098302       325.03566
      -28.902846       332.62701
      -44.979399       152.29037
       15.336117       221.31845
       36.129433       110.13434
       35.328865       156.83774
       10.749513       265.39024
       70.029520       136.39066
       24.999392       319.60302
      -7.1536184       199.55607
       67.108686       217.84424
      -51.677012       358.99174
      -21.694105       35.297871
       71.138012       24.537803
      -13.609515       145.06103
       79.223618       266.36446
      -6.2386023       58.121320
      -2.2351880       42.186807
      -63.612275       17.073951
       36.215245       35.315775
      -41.021701       320.45339
       46.745201       121.29197
       26.159641       172.42858
      -55.606382       158.80488
       27.397526       11.606052
       79.325605       36.676968
       5.3338960       313.34425
      -39.492527       109.54333
      -9.8266741       165.27593
      -34.162174       202.03845
      -75.615826       216.63460
       11.338857       93.491169
      -27.554829       161.22429
       16.490776       359.42872
      -13.733661       165.05387
       30.763448       8.1399618
       42.698584       113.14336
       10.373362       42.158734
      -39.913520       157.28859
      -64.735444       340.67538
      -35.569232       150.32637
       30.949760       136.57680
       48.461250       51.827579
      -34.791222       185.57010
       22.383695       79.291482
     -0.44379241       216.29472
      -9.5230339       350.35190
       3.5869680       236.17783
      -65.879467       24.165072
       54.694464       114.26204
      -8.2284738       25.715999
       42.075618       115.25005
      -57.455151       292.84172
      -22.614010       338.02259
       10.279381       46.725974
      -24.321358       232.68569
      -27.854489       234.51080
      -77.125469       35.801404
       7.5501509       120.67299
      -78.058624       114.03737
      -44.718062       329.85934
      -36.108956       156.34750
      -49.852362       82.437283
      -58.732079       191.30081
      -38.156732       148.32743
      -6.1881757       255.12204
       68.061426       159.57932
      -8.4128161       81.436914
       60.550196       114.37337
      -36.379663       264.15336
       27.222580       223.86292
      -22.403374       129.19484
       10.087313       331.94483
      -2.0989700       285.76885
      -7.1216365       163.85957
      -50.160494       36.737710
       5.0959280       142.08376
      -24.293863       171.95675
       62.825298       224.64372
      -13.712810       48.447396
       20.091570       304.13129
      -12.808683       193.20600
       15.447473       123.75151
      -6.7523301       4.2536363
      -52.399483       244.14770
       61.210624       76.751801
      -28.037312       16.206822
       41.254452       215.89076
       43.169987       339.05636
      -60.697050       145.46301
      -9.0420162       74.132151
       45.268120       243.35345
      -60.007169       166.80808
       82.084795       119.47320
       36.930202       323.41392
      -27.910121       321.83761
       22.062155       160.61862
      -12.204659       143.43276
      -28.283761       242.45542
      -18.996472       260.92703
      -61.964220       15.654286
      -31.067617       10.671609
       1.0241087       149.56047
      -56.033057       142.57019
       14.244066       51.214410
      -55.857736       313.46523
      -20.920942       242.39402
       16.957667       213.52168
      -24.914496       101.23290
      -53.623192       196.46915
       44.555668       74.820864
       28.698234       68.446596
      -54.421154       168.38428
      -5.1780667       340.11271
      0.88504173       292.84485
       51.695524       184.64998
       9.7372151       253.58981
       51.687700       319.41492
       25.077744       314.88395
       5.1783619       11.209480
       33.389076       248.86955
       44.731718       258.82863
      -29.997552       357.74950
       61.708097       242.24862
       53.490869       254.48193
      -47.179645       230.62385
       25.724297       123.02413
       28.307788       25.248244
      -39.285988       41.743145
       59.550720       202.97473
       16.829205       198.33030
      -29.878163       220.31515
       16.289926       357.38237
       2.3456782       25.172329
      -75.683715       224.81244
      -38.078574       214.02823
       59.880089       130.87606
      -35.852091       351.58210
       7.0025837       279.29741
       8.2215020       113.15070
       4.2692941       217.25281
       3.3062696       272.90197
       44.540665       260.47667
      -28.904393       190.67786
       69.426747       268.53092
       1.5656413       188.71848
      -16.061991       320.62046
       25.963056       13.364858
      -14.343769       76.267880
      -60.186678       236.02840
      -33.047394       164.74109
       14.455389       311.92661
       43.264371       236.34503
       23.675854       26.151052
       74.756539       296.75423
       67.863725       194.23727
       22.599736       300.14931
      -71.142514       110.77051
       30.947660       86.044798
       14.394054       270.47338
       33.454810       143.58022
       57.028051       355.66007
       30.569196       60.248730
      -71.280626       43.976453
      -35.486070       260.68073
       51.053105       11.097868
      -1.2432540       210.21527
       39.155523       40.155690
      -48.994066       79.646416
       46.055157       335.01539
       29.726165       171.66515
       49.300618       205.95098
      -18.480305       120.00754
       76.131019       59.676825
      -68.129023       342.40830
      -10.311095       332.51230
       50.235049       284.03494
       17.507233       126.24500
      -44.966955       56.686347
      -58.283200       76.665139
       48.644116       144.88036
       12.081208       222.89429
       36.295776       155.57176
       24.702532       281.52877
      -54.189535       348.11710
      -3.0462138       342.49730
     -0.40918101       20.466905
      -15.091303       288.41352
       59.372411       128.36423
       40.054681       172.63844
      -39.920217       274.89362
      -17.009699       201.76059
       37.063436       241.72268
       25.571071       319.38357
      0.76464766       140.27912
       19.992018       8.7917802
      -75.158753       255.74279
      -2.2071439       131.20724
      -8.3756984       314.26910
       61.764156       224.85426
      -70.273904       79.272920
      -61.546131       151.47068
      -15.127052       131.59130
      -49.969834       354.94932
      -66.553551       91.209205
       11.121361       238.96166
       40.017251       267.62755
      -24.982434       266.17040
       23.176973       320.77786
      -55.774368       30.025549
      -28.247843       207.01183
       32.141450       16.638168
      -25.126274       322.97633
      0.21377848       267.73260
       44.490297       214.12866
       55.248991       24.802744
       38.555762       339.04859
       12.338473       309.86926
      -82.129820       227.26410
       47.213773       314.13670
      -43.710154       10.023304
       23.437849       199.84974
       86.147637       212.17915
     -0.21526828       7.9695794
      -23.183926       298.36643
       21.722619       115.49962
      -23.521841       164.82148
      -17.957789       35.904474
       23.037940       102.03547
       38.286358       254.24226
       13.857540       92.686790
       48.880340       101.38657
      -54.770117       45.978776
      -31.586658       266.78006
       45.025530       186.13471
      -15.062443       276.89912
      -29.454569       47.846629
       18.971498       68.042562
       29.461766       126.08396
      -26.107430       175.39188
       25.674817       56.946759
      -49.727670       344.38239
      -41.378379       157.46734
       17.717425       149.88183
       60.812379       309.87485
      -26.079914       28.923763
       7.7107376       129.50232
       13.213308       202.66342
      -48.541544       144.35059
       9.4869761       196.31445
       33.042511       149.71311
      -27.797044       354.35960
       2.6608970       348.09361
       46.592471       266.50581
       26.137742       317.70512
      -39.654228       274.45429
      -18.467644       230.07469
       35.043463       343.20253
       35.946103       200.72809
       28.029330       315.49027
      -22.531414       205.57251
      0.58694621       252.55488
       6.9891695       145.95902
      -63.015902       108.28296
       48.969473       341.16328
       13.238718       98.523191
      -15.219460       242.53516
      -18.385932       177.17893
       30.327040       5.9323407
      -35.416780       5.8676977
       10.924567       103.04220
      -78.489447       40.571378
      -75.361742       227.24492
       28.095157       74.138801
      -62.907502       15.778352
      -7.5286016       246.24616
       21.978945       225.47347
       38.045349       164.38001
       7.0416175       157.03078
       2.7058117       251.75478
       63.933567       191.42376
      -30.943591       225.88894
       43.327183       160.45984
      -1.7147944       219.99738
       33.780680       179.77706
       14.484928       88.333684
       24.790433       252.07479
       34.447258       147.54724
       55.461758       313.62981
      -43.447008       329.84101
      -20.609646       268.84796
      -75.213134       268.73185
       79.987305       161.57036
       53.434397       140.91117
      -6.1799224       189.49505
      -37.925493       257.18318
      -3.5598858       331.09331
      0.70298445       256.53944
       60.573762       16.693291
      -51.521878       165.94208
       6.3747402       25.058202
      -77.334120       182.72892
       12.248327       192.75596
       28.740100       6.7652418
      -53.008379       293.67309
      -67.605801       104.41544
      -53.141753       136.66606
       43.295619       39.226264
      -17.166900       186.02077
      -57.495165       312.48522
      -52.803586       254.71593
       56.954605       58.378109
      -2.0720843       166.52129
      -8.7568624       115.93140
       2.3503876       29.285007
       41.651860       161.38064
       55.195895       349.90259
      -3.4645190       12.855003
      -42.611156       246.96576
       22.429747       174.81596
       42.337338       218.47452
       79.468863       112.59067
       68.188939       226.00052
       26.821464       116.58710
      -22.180850       52.579277
      0.59646750       134.35104
      -69.322952       274.82679
       26.662902       264.25369
       22.270497       30.776094
       43.046715       163.63839
      -1.6786036       109.17729
      -41.623121       3.7800804
       42.371268       257.34488
      -75.051717       186.35499
      -3.2598415       275.26807
       47.222840       54.872269
       17.457362       239.87903
       7.6849373       303.06839
      -39.124155       255.77796
      -48.682878       140.96271
      -43.643368       336.22271
      -29.047691       149.53353
      -22.919810       255.60074
       33.706624       357.35446
       8.8268216       28.177403
       78.666089       272.65563
      -70.607257       178.68591
      -29.426170       111.29327
       8.7377840       243.52599
      -35.107717       184.19909
       30.025121       208.80856
       52.805225       1.8949027
       18.062836       233.68545
      -27.932919       113.39752
      -68.399792       148.17647
       30.821950       8.9720633
      -41.175627       346.75994
      -2.3262504       47.817402
      -8.7745456       2.7030635
       28.753129       130.23980
       42.024761       198.79553
      -22.681378       282.28201
       49.406629       319.77752
      -18.673778       330.04395
       10.241735       283.03109
       36.441929       127.26688
       34.147159       332.49857
       5.9321003       12.724464
      -56.926008       136.56272
      -58.717272       36.507251
       1.2444066       221.95521
      -30.177333       239.06260
      -31.527020       159.34061
      -26.460705       55.410790
      -16.298737       155.13669
      -62.346724       201.53563
       54.151359       157.19059
      -24.575631       257.60004
      -69.905980       219.37866
      -44.459380       38.228718
       8.7369789       82.752149
       21.744739       199.02826
       1.8017254       13.046938
      -45.756724       56.330367
      -67.152699       278.48066
       61.772589       260.29045
       22.581508       281.61033
       29.614098       343.80628
       49.292189       151.47290
      -23.421605       341.16716
       25.721715       28.713591
      -18.849231       11.499623
       59.171760       139.79915
       9.8026464       199.12886
       40.513962       178.60572
       29.439340       210.11622
      -52.850341       83.245899
      -13.012895       341.71673
       64.496454       343.66975
       37.696572       139.90399
       15.225310       238.10678
      -16.792504       73.511126
      -17.589295       40.885584
      -55.212064       198.36213
      -31.174149       25.539027
      -64.996405       290.46172
       50.133146       214.10943
       14.191602       141.84720
      -23.314267       174.80496
       31.506176       171.64577
       33.667243       86.612862
       29.935260       40.292578
      -65.059320       286.43098
       71.390592       159.57030
      -53.952233       156.49454
       23.727133       15.312114
       52.744621       168.20093
      -6.1227268       15.893832
      -30.367068       257.86857
       53.145778       209.59349
      -35.567744       344.76250
      -76.614971       222.70083
      -43.663141       345.40578
       40.450481       13.326492
       60.478188       314.41197
       45.866043       232.70478
      -26.313956       129.15508
       32.709304       334.91698
      -61.900059       282.17999
       35.744755       248.43165
       17.229861       213.69966
       25.457813       173.07696
      -50.556812       220.26622
      -2.0300994       169.02110
      -4.7745360       37.921446
      -16.366213       259.99799
      -50.226306       256.26427
      -17.325409       342.57649
       71.489243       75.688676
      -35.799837       32.589550
       82.825127       32.995511
       8.1657646       119.90051
      -6.2045631       3.2981272
       46.820397       200.34566
       71.142301       209.45076
      -47.292874       240.65173
       36.445332       165.23586
      -71.701212       337.20068
       38.649235       287.43739
       47.389284       38.154687
       15.889303       146.77416
       2.2096317       328.94047
      -59.474538       255.92156
      -9.2607842       249.17054
       21.778446       296.08050
      -25.958230       188.62299
      -7.5672067       52.582654
       9.8121866       254.23136
       55.095568       291.09475
      -37.039555       19.780779
       15.959016       276.66537
       44.912532       323.32253
      -53.740058       17.549040
       74.245372       20.497241
      -9.2870175       46.191826
      -9.7685484       215.54283
       14.805218       81.420010
       77.531008       52.298456
       2.0778755       112.93930
       60.945234       13.593259
      -43.164687       342.26731
     -0.71958036       67.196439
      -36.418374       194.72704
      -71.125636       343.38655
       35.958936       289.98734
      -48.190826       91.968816
       80.259856       342.37223
      -16.302088       198.64489
       69.322091       287.56055
      -41.412538       169.73210
      -16.170662       220.78741
       2.7839651       277.29442
      -55.613948       242.94124
       38.549587       287.54407
       24.316059       53.092088
       16.125143       290.44735
      -27.425277       297.72618
       46.893892       236.02415
      -79.394275       231.22841
      -28.931702       209.40132
     -0.75321677       248.10564
       31.396073       163.18654
      -46.586778       64.846468
       26.154828       301.85818
      -61.683699       229.09076
      -4.5648801       227.35900
      -13.064741       181.12872
       10.005772       358.50807
       4.7600643       53.766417
       3.5838406       98.900672
       1.2927686       240.69618
      -49.712041       83.665215
      -56.411373       149.86827
      -52.632307       254.13674
       22.973881       23.767925
      -6.1337831       261.48361
      -25.142737       11.322596
       17.935567       163.80970
       56.515902       229.16814
       40.686117       188.55315
       3.2887574       72.427323
      -14.583415       25.810035
       48.712874       322.22741
     -0.42239872       226.66880
       6.5639395       61.522546
      -16.910475       20.261626
       26.738741       63.809891
       36.567355       5.9250985
       35.393921       289.02096
      -54.025968       279.58499
      -54.588780       104.03497
      -31.101791       103.90784
       4.1093695       101.52552
      -2.9350266       352.72469
       20.613575       49.698617
      -76.619578       297.51039
      -15.785047       312.86261
      -20.911405       219.81306
       19.202666       231.61428
      -19.917944       347.78001
       55.761562       242.50209
      -6.7946291       88.470759
       82.122413       306.95899
      -37.204890       180.57940
       6.6423091       217.04475
      -6.6911145       31.685109
       27.763781       156.75199
       20.258092       55.616380
       10.979837       359.63424
       55.304978       227.96645
      -33.246119       25.678229
       25.107215       264.31811
       1.0089947       230.71520
      -53.237698       77.488686
       74.056657       329.78072
      -41.356196       149.96724
       19.918056       263.51127
      -20.566433       201.42765
      -24.307723       242.72423
       32.847475       306.19122
       38.901636       226.08122
      -6.2007875       13.679599
      -43.335726       189.56942
      -61.215667       326.54295
      -25.012634       116.04249
       10.517325       179.92421
      -46.622185       67.573893
       26.580144       119.88596
       67.765386       149.38688
     -0.40967214       297.68643
      -6.8508819       323.53169
      -7.8151666       239.23466
       22.633837       320.35071
      -64.191230       61.984177
      -78.720636       53.815253
      -6.1695878       350.37480
       11.865975       220.94111
       73.256738       174.69902
      -57.672204       274.97683
       33.755485       31.741817
       10.470606       275.53986
      -40.473630       99.276221
  -0.00014070292       44.668109
       15.652415       304.96213
       17.028229       273.55637
      -60.068135       196.22345
      -3.5960437       88.920020
      -25.328475       33.493560
      -13.501780       190.95094
      -28.937879       293.56107
      -3.2535003       313.58858
      -16.933754       151.43322
      -21.830541       341.40884
      -20.295406       104.76906
       55.778707       124.66764
       44.330842       293.00545
      -4.1373798       314.44185
       35.988195       37.502802
       16.543811       354.37495
       52.040235       351.05870
      -12.046722       27.036658
       2.9730332       300.59277
      -62.074063       204.78385
       15.381695       20.471013
      -27.443995       359.58630
      -38.690557       296.46880
      -11.288615       125.80955
       17.620169       312.08076
       12.417358       194.69195
       49.217811       193.83341
       16.953820       215.01840
      -23.482994       119.26360
      -14.869918       240.20208
      -63.733703       106.53796
      -6.3708209       191.37360
       20.154723       230.78431
      -39.664801       82.512635
      -70.377482       300.46248
       27.783707       154.47496
      -9.1415300       219.06543
      -30.438497       330.33445
      -22.862099       279.74084
       17.549314       20.486929
      -78.661013       99.401664
       22.417242       327.94122
     -0.95014598       327.93088
      -60.728216       18.746307
       13.935502       99.333406
       10.528227       170.32567
       52.278990       166.69795
      -12.240238       293.43466
      -22.090480       117.81234
       77.005124       235.26635
       77.091040       29.003607
       40.237465       71.883966
      -51.070877       355.08582
      -61.203531       161.83696
       36.481916       265.09865
       21.545437       350.53140
       58.684441       157.56991
      -53.235117       219.66769
      -69.801766       346.34729
       66.264344       82.492562
      -37.664173       257.32787
       47.361822       116.27611
      -27.693436       28.511660
       64.009502       331.60576
      -24.600714       329.69216
      -19.108948       335.71091
      0.77423546       30.852759
      -13.743242       165.83536
      -41.542330       212.87601
      -32.819300       355.03481
      -33.416804       266.17113
      -2.2763278       220.75992
      -8.6188939       262.84204
       39.079008       291.25211
       9.8232592       186.08814
       34.022986       336.12444
      -9.7884433       257.24089
       17.586103       157.18500
      -23.677374       162.49666
       46.437515       32.630382
       53.863059       81.529552
       19.076600       209.70274
       24.612720       148.95687
      -56.716060       306.92623
      -11.673289       15.625442
      -70.770421       154.61172
       1.4694646       182.86163
      -41.445371       233.24640
       11.054504       325.05172
       22.888947       29.149636
      -72.980572       75.191619
      -51.866333       87.984281
      -45.941899       217.80084
      -11.647196       318.63379
       78.532238       305.31759
       78.461866       256.52921
      -9.8206109       79.481936
       47.609752       51.391280
       38.615919       45.981102
      -78.792124       166.79913
      -17.248844       58.270818
      -27.684657       218.47374
       39.129401       330.00871
      -65.295056       235.64248
      -24.888001       285.18836
      -88.989660       287.78407
       55.047332       152.47664
      -15.992978       21.726228
      -29.639062       139.92020
       22.016415       16.308736
       59.280808       75.048027
      -38.506618       11.302123
       1.4856794       139.18645
      -47.742525       195.36429
      -66.687367       267.87336
      -2.2538934       122.81118
       45.832862       259.81788
       62.353391       210.68894
       27.640470       207.41684
      -45.274126       279.26218
      -43.762164       165.29451
      -40.987989       214.97977
      -61.881138       155.07194
       5.6317338       24.688770
      -68.009572       93.125834
       46.261724       287.22652
       19.799191       205.19955
       41.342999       133.55176
      -34.956324       266.10574
      -7.4917273       169.00278
      -35.700569       20.861908
       60.931068       140.19164
      -26.849060       177.97060
      -34.435892       126.62558
       50.086628       282.63105
      -32.936275       216.37344
       69.416930       203.86919
       30.905109       206.84671
      -20.978620       241.51594
      -14.269784       256.83883
       24.336466       193.19503
       11.257372       34.164545
      -73.478637       215.58717
       36.288180       291.58168
       42.649551       73.170126
      -84.295143       80.081788
      -24.190265       71.022948
      -53.685220       343.99433
       40.181647       107.63714
      -40.622004       6.2719185
       9.3084030       148.12060
      -6.2891729       100.36750
      -27.352525       253.80138
      -68.138224       24.319233
       6.0393971       126.66718
      -23.479810       134.91919
       33.024525       188.44008
       28.746617       219.82728
      -5.7331804       19.842376
      -51.270278       242.19328
       39.783722       144.64675
       50.172393       68.737598
       46.607066       81.102753
       88.009817       98.084310
       36.029559       321.72997
      -54.882600       234.17500
      -7.1536968       112.04118
      -54.167822       95.234289
      -63.428473       200.02720
       77.742289       140.11488
       6.4159959       243.17837
      -3.3802783       43.359991
       50.749137       14.000790
       83.219048       206.18280
       41.815520       311.78409
      -21.160516       181.93070
      -55.892322       90.327388
      -67.113496       330.39567
       26.634691       331.05064
      -5.0481759       278.32383
       6.7013835       117.53035
       54.641351       302.15809
       6.8204056       58.334781
       24.961605       167.24247
      -61.508483       101.80701
       76.108581       2.8941847
       13.164080       165.53246
       49.493999       334.56901
      -20.051174       49.908884
      -22.837537       316.06292
      -45.412525       111.82372
       64.469364       334.75439
       59.825931       273.71280
       2.5578128       281.73099
       13.121769       209.54262
       42.828068       356.63710
       6.4608866       218.24362
      -10.548175       104.73262
      -17.890300       54.813087
       44.063130       347.90001
       23.138300       108.58082
       17.552230       309.59496
       6.5468557       21.285980
       6.8540221       221.05651
       16.334710       344.71761
      -47.171029       15.509342
       39.551299       53.946774
       37.720520       307.82422
      -40.661050       307.28702
       48.932071       200.65355
      -12.308600       348.39023
       30.347468       10.324559
      -41.372552       16.880283
      -8.1671120       31.310883
       55.965076       78.861163
       10.707882       70.711111
       56.025241       223.48739
       51.577210       286.75919
      -17.150622       117.16481
       29.963672       9.7380062
      -33.949656       58.013026
       49.192186       44.733470
      -6.1062238       160.18377
      -24.976231       124.75865
      -61.654876       332.85496
      -22.644622       13.686710
       19.590277       130.94232
      -38.257448       209.66506
      -8.4371984       38.285061
      -63.412564       350.49923
       19.908151       252.37489
      -12.911581       100.33962
       32.352202       315.67452
       1.6303030       124.96323
      -27.792578       112.36630
       27.285406       16.969057
       20.427583       187.64329
      -14.866075       193.94991
      -30.591921       51.529046
      -66.282466       194.62722
      -31.893806       252.88553
      -22.703448       73.199774
       71.477260       325.36471
      -62.066800       222.85711
      -1.9294963       62.478441
      -26.216329       244.13831
      -52.575319       248.43065
      -7.1480463       238.37308
      -33.764191       79.132682
       6.5734074       220.40360
      -38.499784       167.32416
       32.391793       187.94949
      -35.059547       51.067523
       19.950341       178.75626
       44.956431       166.79495
       72.168168       249.57747
      -56.954363       103.82544
       22.098177       277.03274
      -47.088869       44.726910
      -17.530901       111.52925
      -14.515890       126.50721
       70.264449       205.50583
      -58.899416       102.95496
       28.434614       217.75962
      -15.380173       261.31975
       74.626068       46.724107
      -12.442337       128.42360
      -25.647308       315.89108
      -44.110426       71.880337
       3.5894273       250.47770
      -48.574580       117.67772
      -16.884295       180.09034
       62.634026       241.72642
      0.69082168       178.31158
      -52.009775       212.69802
      -84.768615       119.51885
      -74.810413       326.32889
      -28.664361       68.723136
      -35.038347       32.201526
      -52.216324       21.227451
      -62.200924       294.90806
      -23.696399       82.447118
      -11.242087       134.20264
       17.707950       342.21459
      -10.388179       194.85051
      -22.706010       316.17448
      -8.4448537       82.117079
      -51.161190       335.06976
       68.108090       181.34223
       49.380699       168.75049
       34.667221       36.156577
      -16.960597       131.27950
      -16.567065       86.662581
      -35.542909       18.782533
      -67.160239       179.07197
      -14.029715       238.38982
      -35.886788       326.38531
       5.6908476       174.89721
      -45.709346       225.21770
      -18.661577       203.01464
      -24.792531       264.53839
       14.183053       262.18741
       62.067748       238.73026
       63.842648       303.30901
      -5.7416918       319.88384
       67.372460       307.34042
      -47.641016       2.2870220
      -41.253684       123.16480
       31.467479       126.72346
      -61.056068       50.933253
       53.918355       204.51619
       3.9003481       206.24429
      -1.0901995       116.62605
       37.359627       38.419764
      -40.265655       257.51208
       26.471227       336.91710
       24.216182       146.67162
       45.525545       208.52955
       38.457538       5.0430652
      -56.880527       157.74171
      0.53169725       310.99708
       41.182155       244.13732
      -14.920408       171.33692
      -16.337412       240.69489
      -20.092388       40.542062
       32.221317       163.96947
       73.571688       115.22482
       45.290283       310.06401
       2.7267918       138.99004
       79.383180       265.33411
       35.605033       294.72717
       49.915823       182.66737
       8.9119758       227.50945
       52.876973       323.85362
       66.932471       120.06107
       7.6684538       263.54433
      -12.663089       273.15423
      -34.079533       81.597599
       4.9066475       116.44728
      -6.9003229       45.889291
       8.2505678       321.75533
       52.805971       75.780753
       9.8801365       244.26127
       29.602841       92.449598
      -39.343778       159.13838
      -45.274152       308.51827
       75.769505       55.283103
       35.669659       347.58810
      -6.5771272       313.89926
       32.895612       322.61429
       77.419020       308.72732
       10.541003       345.58833
       38.887775       140.55907
      -8.8089391       142.90140
      -5.0370310       354.04623
      -45.358181       132.06584
       49.189580       109.30092
      -16.692510       21.617591
      -22.977768       352.58275
      -48.062707       185.15900
       53.186254       1.5064687
       11.734952       238.49141
       5.0224132       31.912623
      -22.717425       111.89964
       26.392382       101.45525
       1.6980740       307.21370
       32.917900       135.61176
       29.953346       344.86849
       47.690618       13.800535
       25.930441       116.70935
      -23.471661       249.51797
       28.124500       339.24996
       7.4474106       334.17280
       21.839059       37.739772
      -6.7638487       211.60460
       2.3154194       154.10503
       50.179403       282.10711
     0.083096357       304.33047
      -1.2534144       82.717472
       22.435425       152.10824
       36.441225       219.52083
      -41.035571       192.59528
       48.306598       324.55187
      -56.286452       249.47047
       10.946380       71.745824
      -43.733596       180.34254
      -28.536845       197.85194
       27.469255       31.869129
       3.4785329       309.10836
       33.224599       320.80442
       5.5034893       294.20930
       21.440725       95.601143
       8.5559942       25.405260
       46.257118       342.59208
       16.159383       28.899741
       34.989020       261.04494
      -75.185720       51.691528
       43.201803       268.35561
       17.616062       337.59198
      -47.756828       53.332811
      -31.967260       327.34650
      -1.6529357       182.06026
     -0.37172032       48.468052
      -67.214383       131.88181
      -72.591399       5.0130692
       15.902033       254.61791
      -62.773699       105.34072
      -46.022514       80.918485
      -36.569714       144.28354
      -43.324639       54.616030
      0.20636302       210.54310
       48.710432       79.940503
      -1.3147814       246.86341
       23.043258       125.66638
       30.903773       8.5091190
       43.396978       310.32138
      -21.523961       160.69417
       43.061353       351.71268
      -85.451168       243.21049
      -61.447194       285.85981
       41.668146       274.55052
      -24.195660       230.69616
      -9.7335076       47.506924
       36.233666       143.88559
      -78.848429       340.00120
      -41.962374       275.98903
      -18.057597       296.61135
       20.898686       289.30117
      -11.219935       303.24859
       33.435140       223.77032
      -25.571890       94.091013
       78.241509       26.247499
       4.2011981       81.685997
      -77.290270       99.473784
       7.8198123       231.98622
       29.426990       213.83454
       53.916608       24.603119
      -16.477790       143.23318
       6.0979614       33.826554
      -52.151978       165.54820
       52.410292       31.554041
       52.748514       307.97648
     0.020736788       128.21266
      -60.113874       248.98415
      -36.214317       257.88952
       26.033116       105.42853
       57.609332       154.57706
       18.215222       165.60619
      -35.971818       308.89086
      -28.752809       48.995680
      -10.054488       341.56079
       5.4224911       77.394383
      -35.300146       351.68139
       53.062858       240.09719
      -21.584770       72.426261
       21.148694       287.67583
      -35.807846       288.91649
       4.4949953       70.168328
      -11.083200       16.794340
       26.901111       187.18435
      -50.381929       220.12047
      -42.778888       169.80246
      -25.591241       276.62528
       7.0185028       223.19811
       51.400585       200.00716
      -59.236424       78.202209
       24.500735       103.77026
       2.8502643       31.508725
      0.90894386      0.11019489
      -15.853848       271.79733
       55.934991       79.914322
       45.928023       97.436682
      -29.679078       94.326376
       3.6556333       302.09082
       34.608488       343.15181
       73.487509       25.976910
       19.072435       130.35480
      -3.3417837       266.68800
       29.152155       162.30229
      -61.638476       143.55739
       16.711187       211.28890
       34.121003       158.22742
       19.846668       302.09519
      -7.1580277       312.98266
      -14.311560       132.40902
      -52.215967       243.88259
      -7.8750358       78.228600
      -33.411784       290.70842
      -50.839616       188.98913
       41.000587       72.910236
       45.406260       246.50580
      -60.145831       178.29202
       10.531164       158.56623
       38.192492       76.371100
      -69.956762       86.826203
      -66.592456       17.219578
      -25.245176       92.327637
       5.4212834       185.55038
      -20.814351       208.43455
       15.982574       35.453679
       21.572186       38.881046
       12.275646       68.650516
       28.880629       242.36606
      -47.529737       210.38050
      -40.517302       35.787719
      -31.573035       5.6734056
      -61.308683       65.859576
     -0.99103796       88.784173
       44.497345       18.939403
      -3.0405858       29.681153
       58.970993       296.13327
       11.543851       53.201548
      -12.171671       183.31914
      -15.704153       239.08118
      -42.673297       266.74347
      -32.231174       326.98897
      -33.482576       4.8816007
      -17.644157       359.88607
       74.693537       294.52880
      -43.855100       263.23821
       5.7507149       183.96385
       24.554017       335.64904
       30.144043       39.330778
      -30.429251       16.758090
      -79.809674       357.33142
      -42.139900       279.08250
      -45.385901       35.124893
     -0.59660814       144.17492
      -21.739526       117.53387
      -30.144508       178.09413
       27.409312       133.47982
      -28.558922       73.342054
       4.4038978       113.92805
       44.773924       181.29814
       46.607846       140.25803
      -15.729179       132.21634
       37.281665       128.27192
       57.381851       19.913535
       68.578376       183.34012
      -16.805396       340.76193
      -59.430568       144.05399
       60.075828       214.83870
       26.405067       277.54780
      -4.6548648       16.494417
       40.142162       3.6285728
       6.5317556       92.406597
      -24.744778       243.97913
      -43.104087       211.11148
      -8.6701228       321.15847
      -34.252883       297.89578
       62.359747       333.08809
       16.212240       128.49781
       6.7273391       80.671990
      -22.557356       212.63138
      -27.289160       147.39952
       58.079423       39.343476
      -44.469761       128.93317
       28.802749       248.69676
      -32.803386       358.88333
       19.948320       22.994867
       60.063898       150.56742
       9.4128569       317.28596
       38.872164       213.79893
       6.2631756       66.911595
      -38.474621       143.32734
      -35.112083       247.35105
      -29.811436       36.784207
      -41.284250       258.39648
      -67.524987       275.93680
      -28.128382       330.08210
      -47.441574       148.60568
       34.208131       321.47743
       42.352083       244.60800
       18.753602       234.86562
      -9.0294172       63.844807
      -32.402064       198.69797
      -41.522840       89.984824
      -36.310771       95.062013
      -29.137086       70.851514
      -79.767832       230.15839
       48.819673       94.128705
     -0.21742444       127.74408
       53.506440       10.565507
     -0.71684012       18.695712
       52.400679       208.65234
      -23.227546       32.378312
       27.860073       109.96621
      -34.554038       237.00815
       50.870449       359.14578
       57.937922       82.467945
       25.531377       43.620016
      -25.986060       39.119487
       71.946040       15.697522
      -79.900371       104.86651
      -64.613220       292.44228
       77.852616       299.56341
      -20.681540       60.751930
       13.736049       352.96527
       23.558638       43.624233
       62.537912       319.20926
       41.498928       83.363232
       22.110091       300.01657
      -59.449047       103.13810
       41.545612       344.09860
       64.713353       266.29638
      -40.080828       155.17402
      -33.657378       118.55337
      -17.656063       22.793182
       22.940317       236.73682
       27.234212       49.867931
      -55.478426       330.23313
       13.001811       248.21629
      -3.8449163       281.01609
       41.789491       56.297656
      -13.372942       141.16489
      -55.783533       52.005426
      -33.837383       341.63341
       64.915658       19.530091
       39.221884       90.600614
      -73.314216       103.93765
       7.6819870       195.92170
      -22.456079       145.79686
       75.600935       165.61412
      -25.377834       289.46430
      -4.8899177       241.86879
      -13.971709       80.959121
       60.428029       22.492613
      -72.374382       291.10646
      -24.724670       134.72855
       55.909057       300.71956
       20.494928       75.596488
      -70.017923       294.62462
      -34.997737       151.01863
      -23.240724       67.971777
       39.129807       10.285769
      -6.1258316       98.210140
       64.456562       283.33560
      -55.049087       53.479541
       4.2787337       180.43725
      -57.790303       166.45710
      -33.029544       295.15455
       15.867717       240.77298
      -60.867671       46.972296
      -9.4483960       148.29534
      -25.048545       4.8768335
       17.806528       299.47470
      -66.404299       96.660627
       5.5631803       351.86956
       65.543949       294.21462
      -60.597609       62.813626
      -17.839142       99.349464
      -12.550418       79.846167
       82.122955       122.89333
       44.454953       265.24221
       25.934562       87.980781
      -12.543077       92.344829
      -28.120583       45.713212
      -57.817982       17.067823
       48.887237       32.561930
      -29.820081       212.70024
       3.0216676       85.689385
      -2.9597945       177.20816
       62.050550       105.91410
      -70.774005       128.33790
      -28.697188       79.377942
      -58.601690       23.352888
      -48.941502       243.10861
      -31.232988       299.23642
       50.168746       274.74320
      -36.943566       262.79082
      -12.988507       53.748810
       42.917356       114.07571
      -11.572630       308.27212
      -24.683275       295.67693
      -41.718599       150.64755
      -35.417074       190.35573
       41.208290       346.87072
      -35.923259       343.52886
      -23.137638       186.28869
      -37.305480       287.61814
       13.684840       106.33387
       14.470467       291.37097
      -8.9974122       271.05946
      -2.8422158       211.54104
       7.5261600       109.56463
       65.758573       49.987514
       17.613593       315.88443
      -14.292114       62.173331
       16.553540       133.21085
       27.206208       48.119901
      -57.904105       148.93944
      -9.2011911       28.363752
       15.137645       149.60166
      -25.461305       153.17623
      -46.452497       115.88447
      -28.705618       293.89479
      -48.268517       344.82067
      -51.173021       269.24634
       41.692295       341.70813
       23.777024       311.04680
       15.331325       226.45446
      -16.903919       222.57221
       5.3454791       332.74643
       16.025694       267.59871
      -43.827097       195.29504
       12.728067       326.21950
       55.279843       294.42108
       56.657108       206.17609
       29.778241       145.76285
      -14.606948       298.34344
       2.1624535       1.1797053
       37.926716       132.57321
       37.005742       53.802874
      -56.283012       224.66663
      -46.666082       123.98854
       32.528516       100.28925
      -10.818706       338.85986
      -77.245718       96.042758
      -27.999360       202.32495
       3.4598616       255.52939
      0.98604279       276.32577
      -69.988206       306.28615
      -31.567200       206.23833
      -25.336705       61.632699
      -55.108740       69.750238
      -21.716846       314.35592
      -21.933504       312.66392
       32.050416       320.97458
      -13.832565       282.96004
      -37.359487       74.757730
       11.785289       103.18612
       1.0695015       351.97471
      -69.026718       140.44849
       32.104545       226.35972
      -41.872775       169.47379
      -26.543751       283.27086
      -63.336110       245.34501
       12.202049       255.90154
      -20.972756       253.84415
      -63.015799       323.92353
      -55.955485       47.441172
       7.5822326       271.08753
      -6.6637404       342.49397
      -10.977866       124.79821
       17.835790       297.60899
       57.211214       257.24771
      -67.974838       101.52632
      -32.422948       186.38803
       34.060997       59.742041
      -4.2282509       200.12755
      -21.690124       215.31041
      -23.402289       196.08179
      -35.981435       129.59731
       33.746144       313.55581
       53.325412       191.24895
       16.328148       80.926503
      -17.835593       169.76041
       30.256666       121.94272
       49.155911       149.68604
      -24.195608       286.25303
      -31.795838       190.09905
      -2.3710350       256.27719
       37.800208       33.702675
       2.7448977       130.02362
      -69.715717       66.241502
      -23.106668       294.13944
       45.279705       157.70431
      -14.745818       328.25499
       40.956440       21.070706
       66.398474       178.51616
      -8.3982362       132.88679
      -30.097291       352.94626
      -5.9273708       275.29295
      -40.596873       295.63578
      -13.517378       121.95641
      -53.543126       202.99010
       11.368091       132.45293
       41.402922       308.41206
      -3.2782341       76.605028
      -36.994968       164.47878
       29.990089       288.41286
       7.6126644       249.09301
       61.234058       188.69151
       40.366873       52.083836
      -22.313071       87.303911
       71.445673       276.49731
       58.262713       248.88570
       42.004131       165.22219
      -41.069734       289.42848
       30.897015       50.161808
      -19.119988       224.71744
       49.014577       170.05620
       82.959389       310.75005
       56.285103       136.25381
       2.6890928       72.609319
       29.434180       77.484321
      -23.514105       193.96270
      -65.716190       209.84951
      -54.706158       29.533515
       39.041806       105.70481
       16.601102       217.07026
       45.455341       5.0482339
      -31.385504       141.50123
       29.183117       153.20355
      -64.335053       196.39562
       67.750689       285.50253
       66.810612       134.11684
      -15.591681       336.48419
      -17.513334       221.36031
       58.409073       330.46207
      -8.5908221       251.09477
       55.135271       33.003000
       30.967854       44.842404
      -3.3034797       197.49219
      -28.851155       52.951091
      -60.219332       74.029622
       22.061042       329.71498
      -55.181482       291.12794
       21.034876       234.78402
       2.9204480       333.53791
       2.2739630       35.983886
       4.1738444       47.342771
      -14.938099       105.25475
       62.357771       279.80204
       60.884018       315.29960
      -55.997098       354.77051
       48.854431       168.37764
      -27.694088       253.02504
       23.898138       109.48844
       13.622877       319.44896
      -36.283549       170.53859
       48.256649       71.748862
      -18.032761       171.01643
      -63.525918       261.78911
      -39.408979       56.860114
       4.6617660       101.75456
       14.675741       121.62966
       11.747392       271.31934
       19.221959       102.55204
       34.283061       217.11986
       67.883354       126.07323
       7.0940300       92.218253
      -55.402968       325.83254
      -49.646698       322.75569
      -4.9945831       346.05495
      -28.806585       11.959767
       65.117869       219.50643
      -50.906518       286.98788
      -11.871929       63.107949
       33.095367       309.02364
      -34.944451       349.31201
       7.8713757       262.53908
      -32.061541       34.777747
       3.0572018       88.387641
      -65.556596       55.637400
      -35.336718       97.473077
       65.205779       100.59300
       20.299803       337.28051
       3.5524328       5.1515704
       31.343817       16.332428
      -44.138991       171.60855
      -18.263222       137.54677
       40.931971       55.701670
      -14.048558       108.37095
       12.089592       107.44751
      -19.742229       178.88395
      -39.958731       187.31839
       27.050772       166.60713
      -11.099087       34.799970
       58.507069       288.08579
       43.576993       262.78797
      -19.222998       310.73700
       61.046981       2.3649234
       37.240848       269.64624
      -20.284121       127.31619
      -61.809453       141.20899
       11.270794       290.07276
       13.195112       164.06564
      -15.437237       143.46663
      -22.754393       188.56260
       40.757226       289.63703
      -9.4436288       259.34262
       60.214305       106.71067
       71.067986       308.50667
      -40.784018       358.71115
       24.756240       39.015141
       27.975187       99.306628
       81.529515       254.43890
       66.921082       173.34893
       58.598941       233.87986
      -8.1097779       264.71660
     -0.94128231       64.411976
      -16.785049       32.517023
      -47.279370       31.145893
      -40.324487       239.72817
       35.763071       24.831380
       72.200811       309.01127
       3.9059922       133.11427
      -37.396031       45.596203
     -0.79611223       86.327402
      -23.249104       110.37497
      -33.968656       288.23275
       15.188687       233.53976
       31.816625       59.659671
       52.736589       336.56056
       55.589421       294.58665
      -24.127472       7.1670943
      -61.364805       335.74292
      -11.092434       205.24531
       16.922241       354.68231
       19.965687       167.20303
      -4.7647192       207.12969
      -32.501398       84.825106
       6.0907709       339.36920
       32.556037       213.63810
      -21.027863       106.71194
      -55.470794       103.76039
      -49.442788       42.471198
      -6.5530459       217.35109
       19.422921       282.43939
      -62.128097       52.687108
       28.023241       159.81096
      -24.731674       160.26119
       64.400401       94.332771
      -49.980332       71.272847
       49.268754       247.27535
       12.060249       75.022510
      -15.443033       97.070366
       55.097372       286.14380
      -14.351612       214.28711
      -2.8965663       261.10801
      -11.165509       19.860058
      -25.263725       267.21474
       20.090325       15.181446
       21.916673       90.783686
      -5.0961110       321.28166
       38.994745       144.57409
      -18.891653       201.11381
       6.0993355       285.52228
      -41.736994       322.67351
       20.990729       318.17457
      -17.550868       343.80620
      -22.679673       115.32410
      -56.887260       307.88502
      -27.473322       206.94535
       20.068108       103.03808
       53.603659       323.57161
      -74.421920       341.94370
      -30.794928       272.57891
      -15.248841       65.388128
       11.932921       49.788226
      -35.287269       168.49518
      -70.940472       206.94956
       19.041233       215.59465
      -9.0491263       64.833184
      -10.318855       292.27035
      -71.008400       22.079180
       22.799808       218.69545
      -52.604981       166.90186
      -33.374628       223.41251
     -0.76287816       303.92494
      -13.017904       151.81625
       11.042201       103.61410
      -51.421508       150.08000
      -32.421360       173.14915
       6.8495527       301.73440
      -9.4462321       106.47769
      -58.823782       298.98796
      -20.111158       32.125775
       46.381478       290.21397
      -17.191579       47.300476
      -27.913715       191.53642
      -64.719758       203.16551
      -9.4332373       244.83769
      -60.001564       279.72588
       8.1326981       310.76221
      -5.3579523       281.85843
      -19.394440       327.66683
       44.848360       358.03777
      -55.445121       204.16478
      -62.475828       177.83124
      -4.4037817       125.60572
      -67.250953       178.23562
       38.578854       227.62452
       28.000393       42.773609
       37.489736       96.415571
      -17.349709       47.824600
      -48.926110       51.423667
       32.232178       266.38634
      -69.554319       203.74329
       47.303758       166.70934
      -56.060431       297.06693
      -5.0328114       116.41715
       67.464156       175.88648
       41.122927       79.828117
       1.8961130       167.85998
       41.969306       10.850393
      -56.228867       258.85693
      -62.402619       277.33927
       30.465827       98.237734
      -26.984548       23.590742
      -35.148651       221.75154
      -21.769940       162.32112
       43.043447       82.078734
      -1.1782238       121.49648
       44.309155       180.71486
       31.125320       239.15670
       53.187066       261.44808
      -33.330316       162.56143
      -22.431377       109.65587
       20.737733       127.31074
       65.908724       25.822602
       10.515396       282.10560
       64.766275       66.711813
       11.359684       221.69103
      -11.594670       189.23207
      -62.523773       315.38875
       66.067432       258.05357
      -10.168856       6.1800745
      -31.050190       102.34496
       72.690083       78.658215
      -30.079415       39.797209
      -40.800701       126.22608
      -8.0663592       353.79350
      -25.316987       258.81609
      -6.8558295       223.62566
      -23.757832       87.984912
      -52.824093       94.602381
      -31.792366       225.12267
       38.521239       108.81456
      -29.189563       356.72807
       69.234537       203.13380
       20.365715       321.88835
      -14.915522       250.69984
       47.720619       122.97331
       40.466778       31.961009
       75.282803       212.84893
       27.022859       185.90104
      -75.328297       136.60702
      -60.119288       166.76511
      -46.786237       199.84856
       73.041952       33.941334
      -28.219539       70.907111
       18.909707       329.79270
       40.746428       103.87499
      -66.576807       164.73896
      -16.995525       130.88060
      -20.915001       149.93535
       30.190528       359.78534
      -22.961189       69.790455
       25.654383       255.73120
      -77.774435       233.14886
      -18.094561       323.59706
       8.9859736       301.10048
      -5.4435607       327.05210
       55.863352       65.096137
       62.674568       340.21166
       40.595239       265.98139
       75.099868       160.81367
       38.099460       128.95281
       43.298027       19.637677
      -35.346506       175.87410
       32.294353       215.46862
       25.233205       288.84775
      -79.501400       320.96896
       30.217332       349.77076
       55.973995       131.58417
      -68.083257       77.014444
       20.498503       96.135087
      -36.225823       223.17282
       10.017769       226.29484
       56.170419       320.31429
       63.369094       101.40953
      -63.300544       153.78665
      0.62779383       56.370366
       16.198131       303.94653
       71.120496       272.98126
       40.646070       60.459993
      -46.601468       357.71551
      -27.937361       1.1731608
      -5.0515240       61.116040
      -42.428846       338.39692
      -34.226791       323.86150
       11.425906       297.61942
      -26.740501       140.95716
      -38.715591       213.70302
      -61.751770       279.67501
       56.539984       48.430693
       16.794095       61.451735
      -56.292006       327.62203
      -12.740075       16.190660
       3.4831079       228.24591
     0.033708246       324.64105
       47.443955       242.64438
       81.882937       14.211649
      -5.2203836       261.66871
      -57.298221       301.31106
      -20.822448       148.27999
      -56.422404       108.07514
      -45.945552       274.27031
      -54.954616       225.88723
      -29.219760       195.33655
      -30.305167       197.13288
       9.3282296       301.12763
      -25.050375       211.79416
       40.288772       353.51055
       16.104742       326.08900
       44.140743       109.66407
       35.407390       219.05033
       47.911351       79.558210
      -34.062039       24.534806
       17.141082       297.89380
       7.1108685       331.98579
      -36.225046       56.918868
      -33.756682       106.54150
       12.845325       50.389899
       55.088216       183.99037
       72.737620       164.35066
       20.228342       43.728022
      -30.928649       352.26855
       19.892672       240.11082
       16.538941       107.54897
      -14.060399       44.866588
      -12.782545       348.39529
       25.236150       224.98090
      -73.154044       276.84879
      -46.526783       89.330006
       38.979298       175.86090
      -3.8107794       7.8801197
      -23.278855       31.725539
      -49.362828       92.686737
       57.978920       166.86642
      -7.4319114       258.51244
       1.0102184       331.54918
       8.0865993       350.14156
      -49.986536       174.27904
       7.0731092       244.35655
       25.764103       280.70943
       59.264233       213.56815
      -11.559121       346.20863
      -38.908526       138.91906
       14.701656       120.64675
      -7.2420126       358.45213
      -41.516569       123.98333
       60.890880       135.10238
       42.913789       232.85620
       24.372281       347.20077
       11.682860       239.90750
      -41.333551       191.76684
       37.921428       239.47075
      -1.6875521       155.80717
       18.574818       132.46305
       55.874312       36.338289
      -80.433572       17.688940
       12.965306       64.470038
       6.4295469       285.53290
      -20.997652       58.250353
      -69.346951       207.85305
      -13.405428       22.627007
      -21.021460       272.51153
      -18.371354       136.27631
       43.790311       344.40075
       40.468236       166.83279
      -72.495646       133.29872
       28.444095       113.43119
       11.627377       282.87825
       27.414021       254.04313
       19.265353       156.97590
       58.419869       309.70847
      -56.506722       110.96066
       12.059143       250.41570
      -5.6984992       283.08227
       21.694568       175.39378
       16.597262       19.697342
       70.163395       2.3838574
       64.288013       19.423710
       11.583061       337.91944
      -21.910966       252.62027
       5.6332880       35.982681
       56.156662       322.99111
      -20.319142       263.35644
      -49.466094       235.22753
      -63.837574       336.08799
       12.509298       231.49033
      -40.920270       263.98928
      -61.984106       200.08577
      -84.115727       310.36664
      -3.1750596       195.73651
      -4.6950992       326.16827
       25.392327       343.70088
       20.796987       123.70632
      -32.948591       276.26155
       59.894615       14.584145
      -17.388674       357.85665
      -24.329721       319.40244
      -24.109693       203.84007
      -63.522555       257.59346
      -45.877795       269.97534
      -75.334852       319.53404
       53.117592       277.90479
       19.539328       289.65686
      -84.724830       333.15456
       33.969203       4.0938356
      -71.717360       337.94867
      -13.490973       327.31478
       18.752786       164.65621
       18.267882       248.18478
      -23.232267       301.20352
       25.301142       108.70403
       48.274759       230.98740
      -71.305763       213.03862
      -40.667518       12.761765
      -35.029908       220.21213
      -10.202248       222.63404
       58.395378       37.039192
       17.709890       323.59402
      -7.1696313       87.065959
      0.19855833       50.892065
       13.178787       145.38415
       15.341302       151.07463
      -23.757254       220.54031
      -18.034200       167.24903
       12.316990       153.34680
      -1.0860447       147.11208
       19.882737       325.70551
       34.935089       128.16423
       38.056053       117.20182
       33.953232       200.56335
      -18.634770       169.24182
       16.259716       169.09489
       72.699102       287.53771
       15.773860       227.16776
      -30.902503       233.57848
       7.5699297       329.51685
       22.804362       145.29156
      -18.059985       267.11545
      -74.286278       318.47703
       64.882888       100.47104
       8.5375289       204.21410
      -29.481207       187.04122
       20.368287       2.8371931
      -31.960060       121.02570
      -19.908009       103.86064
       48.605645       218.35506
       21.388089       48.471637
      -52.088114       281.27883
       15.725146       134.94059
       34.462671       179.46564
      -30.996910       56.503717
      -33.209828       250.22320
       54.020382       298.49709
      -68.363094       265.99652
       23.191739       231.74718
      -22.227199       205.61866
       39.947718       251.26028
       11.866892       294.24765
       45.874765       224.73538
      -17.302023       300.33038
      -27.630951       170.01191
       21.936707       4.2922249
      -18.650716       23.191385
       59.187552       250.51556
      -25.573300       293.36354
      -27.764512       329.30119
      -27.236481       45.926244
       18.304769       148.46251
      -53.580931       27.933711
      -18.519241       48.042689
       41.153578       83.071555
       45.836207       48.549421
       49.339472       107.93043
      -10.633848       42.438672
      -35.240527       36.387899
       8.4570249       157.75544
       52.572494       298.89323
       42.901227       123.60770
       16.266025       266.44429
       68.577066       182.91603
       52.084432       11.277151
      -27.503677       282.03212
       39.429424       3.8864511
       46.574412       103.64741
      -2.3035263       345.42685
       2.7292747       162.67134
      -72.581462       314.47064
      -11.610588       36.052065
      -22.092017       146.66985
       20.009151       36.421688
       54.065879       337.96092
       80.025391       118.06427
      -15.240872       347.51984
       71.769795       110.83219
       20.446905       6.2788523
      -26.612120       214.76549
       69.941949       172.58791
       46.184309       78.319178
       17.358295       116.71971
       11.837603       5.5439608
      -35.101197       150.03612
       32.581920       200.31883
      -4.7563709       143.46444
      -22.742423       33.285364
      -57.345409       184.91396
      -45.605990       212.09347
       11.024211       248.52345
       12.462961       295.20705
       62.690943       246.85175
       57.701109       53.794530
      -47.028682       95.892055
       2.5106565       28.262461
       6.3776780       238.90544
       9.2833946       206.03057
       44.442675       151.66724
      -34.696959       74.998694
      -42.248525       160.47861
       4.2366889       336.14928
      -88.201206       41.504326
       42.018139       167.93494
       72.617977       131.45127
       35.217536       301.58953
      -21.403860       231.10308
       29.609638       149.28079
       14.198012       50.703595
       24.682716       182.83949
       36.033916       39.307153
       1.5318398       211.94560
      -69.891023       221.17922
       19.984545       42.249531
       18.216151       60.631592
      -30.238604       160.18199
      -65.716679       187.86291
       19.455775       249.63355
       70.291689       271.22462
       13.693719       282.28941
      -48.313265       234.48285
      -80.191783       179.58319
       40.207753       293.64344
       42.283395       65.456760
       29.076806       341.23789
      -25.175783       295.84029
       3.8731349       6.7557717
       26.358037       277.06453
       63.153461       6.0601467
      -40.058630       82.664653
       7.6335671       28.422470
       69.082690       59.018085
       5.0622930       250.39789
       23.006553       144.42992
       32.013147       162.72005
       58.208596       270.23127
      -56.755545       67.960705
      -9.9394852       125.60579
       71.658889       205.93998
      -39.104064       295.46725
      -7.5770920       221.01376
      -17.285971       171.12216
       25.649766       6.8515207
       69.589775       320.90318
      -7.4450176       194.99623
      -20.462496       181.88564
       8.4050149       40.672073
       37.057018       53.956389
      -3.8955911       251.60802
      -51.290006       282.79467
      -52.696842       212.56028
      -16.349992       135.79067
       56.404187       254.75320
       74.167653       128.19124
      -13.927967       77.181030
      -54.234035       199.54641
      -47.663097       243.01149
      -67.366638       359.45533
      -24.372450       153.70729
      -49.864969       176.85183
      -41.894695       11.029361
       34.544991       140.68630
       22.527215       279.07580
      -30.489633       18.209836
       34.848870       305.60905
       2.2670287       254.90787
      -18.532919       58.954150
      -13.664172       213.29651
      -30.392269       281.46617
       41.407814       260.98813
       32.344621       189.02505
       7.7830907       276.19596
      -35.844998       34.648492
       26.233981       42.858675
      -26.910662       140.39130
      -13.317350       52.638654
       22.541836       148.76466
      -59.677417       233.87574
       37.268923       131.92562
      -23.978164       243.29876
      -36.633978       23.324483
      -40.971072       227.87032
      -45.462502       30.647958
       35.498774       135.94426
      -58.115922       18.506215
       40.768860       176.17077
      -19.770031       154.54865
       57.290928       168.90098
      -24.978715       33.664787
      -20.506846       57.323164
       53.707506       24.219143
       79.952983       329.72419
      -49.681338       114.96679
       6.9722397       359.68377
       42.457464       209.17137
      -38.236131       175.14695
      -58.659785       357.89426
      -26.748408       190.05004
      0.70638385       341.34244
      -2.1751024       322.59414
       21.472397       243.64968
      -58.340735       315.60150
      -3.0442614       287.74467
      -22.438923       117.05712
       28.044065       324.98680
       32.940811       314.28321
       56.842895       195.39386
      -53.667634       207.61937
       3.4810014       239.87767
      -6.3905902       151.31076
       60.069183       187.93338
       8.1372179       11.693448
      -40.807271       341.64686
      -27.297037       124.87772
       11.573719       7.1465916
      -77.214466       246.41164
      -49.125068       173.40303
      -15.518837       86.634762
       5.8349328       150.37648
      -61.645552       345.28137
       38.385754       140.47186
       13.546919       136.73735
      -44.731491       351.44987
       11.487831       319.07471
      -34.834153       180.21107
      -4.3878994       218.46119
       36.608612       194.22730
      -30.869095       11.583302
      -21.845521       118.99533
       65.861824       242.59597
       79.703766       275.96105
       60.698799       53.363290
       66.367590       314.88211
      -31.641796       269.70488
       31.823576       281.32837
      -32.085682       291.16229
      -18.597643       97.288858
      -35.729274       342.72171
      -17.068045       65.002981
      -39.555829       135.72824
       86.406134       164.98890
      -50.542987       286.53527
      -34.365355       223.94647
       24.470831       308.54902
       54.008816       314.62044
      -32.586975       48.375614
      -39.141100       283.72323
      -74.979626       289.34031
      -11.398347       69.902368
       11.692879       102.28213
      -37.524805       249.82991
       14.581354       130.86139
     -0.26034068       293.22254
      -74.673924       99.472097
      -2.4997448       233.97075
       37.728361       101.69740
      -12.899254       256.26136
       7.9904880       252.08031
      -9.7328844       114.37890
       16.707463       147.52514
      -20.266401       242.24472
      -30.189496       122.32142
       19.797477       203.81592
      -7.8292163       236.43448
      -21.701179       53.313394
      -37.058672       225.01857
       11.625943       65.658250
       45.966901       339.67794
       13.868806       353.39687
      -21.997404       211.90490
      -48.250697       325.77956
       44.465856       223.37980
       20.368571       78.802108
      -13.603320       35.127993
      -10.751984       321.55294
      -26.001496       106.32730
       50.160656       22.202920
       45.176567       320.49229
      -10.083629       342.73444
       21.525025       299.26578
      0.52906105       228.78742
      -3.2956957       134.09979
      -18.013853       161.72254
      -20.006122       69.739964
      -15.914159       93.392030
      -9.2251590       124.28926
       49.917544       195.10736
       23.624659       7.6502388
       57.925935       60.611855
       2.1273452       80.260343
      -41.858415       21.110305
      -26.041385       84.796512
      -15.432373       163.07251
      -37.329635       152.57455
      -27.071787       287.10694
       23.446883       93.972839
       9.9096730       311.43676
      -54.307186       226.60862
       79.117597       148.60305
       19.781951       228.51071
      -32.104515       66.488525
      -56.696001       60.728752
       35.546187       303.45020
       64.005762       163.00324
      -11.429275       175.67288
       77.039609       145.18064
       30.712262       286.50687
       21.552029       252.75109
      -34.548046       353.21601
      -37.509437       142.52896
      -14.080343       110.04836
       41.810809       189.02830
       21.291983       276.41206
       9.4009653       257.35401
       70.981454       227.57628
       25.661899       305.89838
      -17.143698       184.99626
       1.9222851       166.92911
      -52.315884       336.02063
       38.767455       133.78607
      -24.989473       321.31096
      -20.851647       15.801234
       47.528150       218.35779
       45.892221       292.75576
       9.1319730       157.28694
      -6.7877971       66.830015
      -31.052874       185.66385
       16.006869       266.38329
      -26.227302       69.344047
      -2.4126266       348.11298
      -49.367645       24.150325
      -37.032404       304.18462
      -10.507155       55.890499
      -68.152503       141.65465
      -10.874869       85.437989
       3.6212215       249.68670
      -35.206964       67.083461
      -25.991871       350.63776
       49.888439       152.89563
      -27.563352       30.356669
       45.783770       175.55516
      -37.128496       32.942827
       31.064433       95.203189
      -30.563315       185.96752
       49.818470       196.69245
       65.601368       49.933300
      -12.648491       166.13960
      -32.544963       114.30547
       24.226672       126.64476
       67.165014       182.96613
       9.0101700       263.74748
      0.50626160       54.730411
      -44.691525       174.95556
       67.691827       6.3494809
     -0.70406697       210.73358
       5.4031272       67.340075
      -63.139191       281.37665
      -21.230694       283.37867
      -17.350497       159.34727
       21.829305       235.30218
       18.977846       69.238229
      -8.3888761       164.73355
       8.5872730       152.16608
      -67.715769       34.816425
      -71.831925       162.96059
       31.630998       267.56845
      -14.892373       14.122506
      -79.783772       148.91183
      -26.238745       204.27408
      -50.334080       185.50475
       33.200716       199.29840
      -45.839469       76.524884
      -6.7006254       3.9662397
       23.002437       325.29972
      -30.270429       266.77096
       19.110662       272.01906
      -49.869371       299.59782
      -32.018470       132.73905
      -48.144026       266.02534
       32.871974       27.005445
      -3.8485217       88.619077
      -33.589128       312.65544
      -13.666315       219.21806
      -21.539733       198.67245
       32.786203       119.36821
       34.454711       168.84710
       14.183667       317.16955
      -24.662757       190.45605
       63.637774       293.10168
      -23.038792       76.431786
     -0.34034056       162.57918
       30.825654       306.40293
      -21.894150       50.351999
      -83.081442       152.19820
       54.929035       130.66378
       29.471170       239.13104
      -56.607365       350.90271
      -7.2220235       359.60610
       38.551220       20.365636
       14.557578       187.21202
      -1.5105404       294.79025
       43.056945       266.87990
       18.095759       137.13589
       17.751641       322.84866
       18.268337       83.808797
       51.219580       163.98484
       49.193333       4.8670839
       35.220133       50.034078
      -28.662677       191.34345
      -48.711191       180.85088
       29.564470       232.03150
       57.106434       134.85325
      -57.874849       208.54111
      -39.663036       231.07164
      -72.936882       28.446821
       46.373574       218.12772
      -8.0795337       354.52229
      -18.677335       287.99132
      -27.624749       322.17778
       58.449131       358.65322
       8.9511020       236.86678
      -51.327116       284.45275
       81.555721       232.30824
       59.884858       175.34567
       80.008939       157.53399
      -76.080063       345.06159
      -14.472836       166.02225
       44.039197       326.40559
      -12.001888       284.17727
      -22.470988       180.09158
      -51.141301       15.367509
       23.413430       19.905568
       39.450245       257.64286
      -23.662543       347.70588
       12.412465       327.18486
       51.166325       352.66875
      -41.333076       260.33049
       22.803433       103.45198
       30.897169       256.25849
       4.2322692       175.33931
       35.474465       75.155994
       43.346164       250.96499
     -0.28779346       104.37836
       39.225697       249.84068
       15.496545       202.52676
      -20.985930       57.380240
       19.318626       311.51534
       6.2689802       1.9698893
       75.214587       279.38806
       8.1070649       169.82135
       67.085384       195.42965
       50.810824       153.95878
      -20.840677       214.37173
      -9.7921475       311.34097
      -43.612699       206.21908
       33.827019       159.81499
      -29.106262       167.34680
       61.547911       51.819801
      -41.281186       222.13062
       47.863875       185.30232
       29.928054       96.439618
       46.178169       318.18874
      -35.233610       178.86429
      -52.232385       38.829974
       69.326741       106.00790
       40.092018       91.151891
       39.872755       5.6754145
      -42.222607       214.44998
      -3.2310706       153.10883
      -15.460100       157.11685
       10.595613       42.845424
       28.491247       88.698140
       42.685175       108.75117
       22.547689       322.11710
       69.566101       172.93791
      -34.059980       329.09686
      -37.505902       31.843590
       30.772506       267.81711
       47.455407       108.82914
      -43.562559       323.12133
      -24.739328       163.08625
      -40.145330       355.36085
       1.2182110       17.644922
      -20.576386       236.54834
       1.9090597       239.85635
       34.218556       134.22618
      -17.232140       108.22579
       21.005995       267.28442
      -15.707678       163.75269
      -8.1886412       300.81265
       6.7508426       269.43456
      -32.076898       160.65345
       15.134821       11.359329
       54.109345       96.387665
       21.128953       210.29255
       44.703645       99.617988
      -23.938879       352.04713
      -4.1919009       25.395377
       44.282798       108.00667
       17.544033       271.21178
      -27.241190       273.85884
       22.792325       171.74578
      -31.302969       66.454133
       15.904379       230.63614
       53.575600       314.16598
       68.938386       289.67965
       52.684014       345.72879
       76.958761       340.64360
       10.356442       92.529646
      -27.842474       106.24652
       51.735535       272.34415
      -5.6801076       8.1687888
      -42.553102       35.922246
       17.699576       132.92496
       42.346059       331.64045
       76.807481       123.07603
       23.138606       71.478114
      -23.911265       335.07594
       10.611781       320.56158
      -8.9447428       125.09234
      -51.324134       332.05400
      -14.006339       34.186614
      -44.340260       4.4095248
       67.354474       110.74655
       14.926595       115.56346
       60.513842       217.46584
      -13.890500       248.53429
      -80.066472       284.80148
      -69.368757       4.0241957
      -2.5345817       140.05217
      -8.3192051       159.83450
      -40.519635       303.00100
       35.705551       25.729421
       2.7291453       126.12078
       37.846839       28.294589
      -78.501118       245.27978
      -46.851204       265.91625
       77.104632       95.892187
      -39.766085       193.01002
       25.821436       187.18240
      -1.2539251       320.80068
      -39.173109       271.65720
      -47.312183       100.41148
      -26.030995       123.52724
      -5.2397538       359.25139
       7.9496571       155.17611
       19.784686       36.179921
      -79.818590       55.684472
     -0.86744432       260.99742
       55.097291       244.18500
       23.437790       111.75750
      -8.0993658       14.148858
      -21.954593       78.218390
      -19.949616       168.10800
       43.709196       221.81321
      -1.8874017       248.18096
       15.090752       317.16691
      -22.999219       39.474086
      -9.5783135       53.984121
      -4.1006818       134.24836
      -12.243403       28.802602
     0.097312950       217.09084
      -24.325147       111.23426
      -18.499359       198.92112
       36.719879       85.029861
       71.191887       107.98986
       28.663407       236.54800
    -0.038593145       311.30606
       45.007508       188.99320
      -57.635818       153.91024
       46.774725       354.76793
      -14.811470       59.026979
      -68.559416       127.98094
       9.3561541       120.48252
       81.840585       71.571387
      -78.994696       119.72752
      -57.597049       358.34780
      -26.335596       230.37642
      -26.579719       3.9037985
       39.341442       264.41553
      -33.228125       37.519110
       1.9962527       64.053844
      -10.725502       27.191569
       60.624981       92.567351
      -41.138806       280.68370
      -3.0481571       198.40888
       85.026760       157.51898
      -29.121677       27.697594
       39.442389       191.00663
       40.965601       92.124618
      -80.651518       352.33892
      -73.440254       314.32600
       5.2557018       43.080152
       26.826812       302.10652
      -25.364858       307.16861
       25.980215       87.370371
       57.175566       314.69254
      -16.997602       19.273696
      -5.1338296       196.73153
      -33.576846       50.217890
       9.1809607       19.182217
      -14.528499       181.03328
       50.736620       318.03235
      -30.072678       358.03317
       15.940755       293.05514
      -10.258169       281.31798
       28.980355       129.93447
      -62.648660       148.83094
       62.191693       237.51863
      -32.675192       331.36997
       31.969339       194.47663
      -9.1677938       260.09311
       34.582260       313.88031
      -4.8234208       277.58404
       67.182298       114.70505
      -45.588916       67.017014
       1.1627682       235.02285
      -28.972631       327.68888
      -28.955466       6.9180436
       27.381721       171.66600
       4.4806735       185.67435
      -73.846154       38.097769
      -53.774852       53.194491
       10.617784       246.11393
     -0.33851412       260.82427
       37.799427       43.986490
      -2.8687527       185.04894
      -2.4889636       117.23840
      -78.896766       90.806932
       37.616409       27.881349
      -31.026014       14.371241
      -34.432795       242.90656
       40.402369       40.369123
       76.611342       93.925805
       11.561533       150.26905
      -35.793814       52.692541
      -16.903765       51.685580
       15.041367       7.0573518
       20.611662       61.102971
      -25.168826       149.96863
       61.676342       123.55419
      -33.508424       251.00739
      -18.859164       204.44996
       52.899733       42.699022
      -40.371360       1.3903017
       21.015506       84.949958
       60.317665       125.78380
      -9.4694462       249.29663
       47.646565       264.83697
      -21.452559       82.991873
      -12.343192       230.97435
      -72.708282       174.88808
       69.146198       144.92011
       11.373714       16.580745
       18.083378       145.84230
      -46.423960       134.58840
      -12.731419       201.60843
      -18.828859       59.585391
       12.325185       148.89984
       27.673764       291.12006
       36.381664       334.98725
       14.617112       122.73908
      -4.0153494       256.62997
       44.079758       50.953531
       52.621568       223.91597
      -71.387123       25.623096
      -12.434135       186.44448
       72.149584       24.015737
       37.174082       359.05543
       16.307521       214.14768
       35.868654       43.603764
      -8.2717021       138.81200
       16.852957       96.533057
