7.67118523987 105.573947133
8.23139223296 216.320942939
-68.8144905671 178.538631395
-36.9966553753 303.760696845
15.5078932841 311.987687021
-34.2901382752 240.256575905
3.91609152195 189.274746204
-38.9452946851 158.591979169
14.6647866858 259.2034387
-4.21256228617 148.341121979
-57.0515285333 236.811865619
70.3512284889 169.496184933
27.5726882076 347.679223019
56.7932312694 336.510688934
-65.2791505018 325.432887081
3.92183613793 311.292646971
48.1209161746 201.166378756
-58.137771083 187.036998647
6.3557663647 270.291677082
-18.8468961467 125.629978008
40.6183768431 228.648696731
-44.5211332744 255.393012766
-9.73594032691 112.402701963
32.2209871076 358.542256404
-38.2429463328 204.54965832
-31.3492432337 57.7736468682
-41.0275120045 228.504648041
52.5731818153 226.01977058
28.0360277503 339.75866245
-70.5804359771 283.091998001
-38.8796190012 162.53877666
-23.9093845481 60.4948625354
42.7310431458 7.18085961974
-5.98680424149 33.342456358
-6.84375477948 4.94198380085
-4.68640922117 251.482401617
-8.52813321654 10.3693763394
23.030339202 261.074910533
-58.357225061 260.760913076
56.396769524 240.068144646
36.0983864617 325.035615958
-28.902816322 332.62698873
-44.9793091941 152.290405659
15.3361737906 221.31840111
36.1294672375 110.134423461
35.3288836894 156.837768024
10.7495745507 265.390169409
70.0294992582 136.390790781
24.9994742019 319.602965455
-7.15354697391 199.556038716
67.1086644823 217.844143426
-51.6770234301 358.991737493
-21.6940639173 35.2979087815
71.1380867718 24.5378883103
-13.6094370816 145.061060234
79.2236373905 266.364099743
-6.23854196241 58.121378629
-2.23512369716 42.1868546539
-63.6123043066 17.0739993117
36.2153295456 35.3158243677
-41.0216892683 320.453351327
46.7452204531 121.292042904
26.1596706249 172.428576389
-55.6062912407 158.804903486
27.3976133837 11.6060717349
79.3256667564 36.6771869372
5.33396366156 313.344189911
-39.4924577244 109.543414022
-9.82659828154 165.275947649
-34.1620824735 202.038416328
-75.6157607162 216.634421302
11.3389208383 93.4912332082
-27.5547418855 161.224306754
16.4908599585 359.428732996
-13.7335826 165.053884539
30.7635374369 8.13997698111
42.6986134076 113.143449639
10.3734343255 42.1587825764
-39.9134296037 157.288615151
-64.7354742741 340.675328478
-35.5691458388 150.326412084
30.9497932804 136.576858795
48.4613225575 51.8276598372
-34.7911292357 185.570092579
22.3837576366 79.2915499615
-0.443724840255 216.294674032
-9.52298015123 350.351903362
3.58703136387 236.177778178
-65.8794968091 24.1651307363
54.694478062 114.262139002
-8.2284168318 25.7160327629
42.0756489289 115.250139526
-57.4551414868 292.841601268
-22.6139708702 338.022564967
10.2794543377 46.7260276215
-24.3212773985 232.685639059
-27.8544164354 234.510747567
-77.1255057304 35.8016010819
7.55021319816 120.67305018
-78.0585778729 114.037658005
-44.7180544584 329.859286796
-36.1088708021 156.347524366
-49.852324733 82.437384829
-58.7319907106 191.300785217
-38.1566434775 148.327461601
-6.18810144227 255.121963539
68.0613939093 159.579378636
-8.41275083089 81.4369806817
60.5502075582 114.373484746
-36.3796024253 264.153276791
27.2226119843 223.862878802
-22.4032971003 129.194885962
10.0873860031 331.944816757
-2.09889600105 285.768776458
-7.12156290557 163.859584981
-50.1604892079 36.7377775454
5.09599005248 142.083794436
-24.2937790569 171.956760582
62.8252957594 224.643596745
-13.712758207 48.4474436132
20.0916383587 304.131248268
-12.8086059392 193.205984524
15.4475263647 123.751566703
-6.75227336017 4.25363989762
-52.3994252179 244.147598071
61.2106663604 76.7519353639
-28.0372827976 16.2068470324
41.2544723605 215.890695663
43.1700774604 339.056327758
-60.6969678329 145.463071509
-9.0419521261 74.1322163077
45.2681442338 243.353356354
-60.0070777456 166.808095684
82.0847694829 119.47360066
36.9302864271 323.413883163
-27.9100893073 321.837557465
22.0621923305 160.61864656
-12.204581575 143.432797778
-28.2836938247 242.455350402
-18.9964106951 260.926968635
-61.9642479617 15.654317172
-31.067593553 10.6716173328
1.02417341911 149.560501992
-56.0329731582 142.570254169
14.2441392405 51.214462529
-55.8577378248 313.465138901
-20.9208762579 242.393960662
16.9577187562 213.521630889
-24.9144315166 101.232972595
-53.623101419 196.4691074
44.5557247675 74.8209589233
28.6982999677 68.4466643898
-54.4210621745 168.384298438
-5.17800781781 340.112684815
0.885106178574 292.844797796
51.6955127522 184.649970475
9.73726965248 253.589760863
51.6877843932 319.414862045
25.0778284246 314.883905795
5.17843299708 11.2094930224
33.3891167953 248.869471769
44.7317558179 258.828543277
-29.9975283063 357.749490007
61.7081022075 242.248504953
53.4908860321 254.48183821
-47.1795795032 230.623768873
25.7243399804 123.024192538
28.3078744019 25.248284333
-39.2859640303 41.7432065465
59.5507049959 202.974671339
16.8292514356 198.330265647
-29.8780887883 220.315100962
16.2900062931 357.382381
2.34574736194 25.1723582427
-75.6836596268 224.812247776
-38.0784958681 214.028185039
59.8800840384 130.876150687
-35.8520761798 351.582102394
7.0026531541 279.297336144
8.22156273697 113.150757942
4.26935701667 217.252758327
3.30633406776 272.901902175
44.5407085966 260.476585961
-28.9043018882 190.677844644
69.4267692149 268.530745031
1.56570358007 188.718481937
-16.0619445692 320.620417754
25.9631421768 13.3648787433
-14.3437080306 76.2679481593
-60.186609268 236.028278997
-33.0473068085 164.741116516
14.4554670009 311.926543167
43.2644023728 236.344926567
23.6759389276 26.1510884922
74.7565912205 296.754015587
67.8636940837 194.237192824
22.5998050578 300.149247982
-71.1424717533 110.770703393
30.9477169029 86.0448790127
14.3941148267 270.473305472
33.4548368755 143.580261562
57.0281453806 355.660053178
30.5692663663 60.2487981404
-71.2806464802 43.976599858
-35.4860156064 260.680644693
51.0531915174 11.097892854
-1.2431896247 210.215245595
39.1556064549 40.15574764
-48.9940295015 79.6465148926
46.0552484035 335.015341959
29.7261887963 171.665166146
49.3006127877 205.950953591
-18.4802311014 120.00759851
76.1310643381 59.6770634955
-68.1290537632 342.408256754
-10.3110396937 332.512268873
50.2351056095 284.034837314
17.507282607 126.245050203
-44.9669328914 56.6864276014
-58.2831721501 76.6652602633
48.6441189103 144.880415391
12.0812590945 222.894248695
36.2957925891 155.571792461
24.7026034448 281.528704304
-54.1895494974 348.117092787
-3.04614996416 342.4972951
-0.409117579072 20.4669282253
-15.0912449145 288.413453025
59.3724097378 128.364321299
40.0546881611 172.638440782
-39.9201675854 274.893530695
-17.0096162411 201.760564233
37.0634682858 241.722607708
25.5711559128 319.383525137
0.764713102117 140.279162834
19.992102012 8.79179644775
-75.1587186079 255.742527206
-2.20707595222 131.207291918
-8.37563814426 314.269052166
61.7641507398 224.854144156
-70.2738902569 79.2731221111
-61.546042309 151.470741978
-15.1269770492 131.591353455
-49.9698415527 354.949303693
-66.5535135368 91.2093694593
11.121414318 238.961599359
40.0172962904 267.627466173
-24.9823714083 266.170313616
23.1770533729 320.777812634
-55.7743787811 30.025607214
-28.247761907 207.011804912
32.1415383472 16.6381973842
-25.1262408054 322.976286603
0.213848767282 267.732514483
44.4903086307 214.12860248
55.2490757622 24.8028006123
38.5558543741 339.048568663
12.3385480517 309.869208227
-82.1297667692 227.263766594
47.2138499773 314.136628458
-43.7101507633 10.0233316353
23.4378812218 199.84973685
86.1475845673 212.178597132
-0.215203492615 7.96958852075
-23.1838818545 298.366377363
21.7226687495 115.499687318
-23.5217542373 164.821494182
-17.957743828 35.9045149572
23.0379924289 102.035533482
38.2863999963 254.242180532
13.8576043212 92.6868623202
48.8803717386 101.386665511
-54.7701155769 45.978866398
-31.5866025526 266.779976301
45.0255324994 186.134689676
-15.0623856577 276.899065481
-29.4545350975 47.8466840794
18.9715692971 68.0426313796
29.4618024188 126.084021663
-26.1073411306 175.391881282
25.6748911184 56.9468183182
-49.7276771957 344.382372669
-41.3782866147 157.467374862
17.7174697259 149.881862392
60.8124526714 309.874754341
-26.0798786475 28.9238054933
7.71079777574 129.502367418
13.2133612419 202.663378637
-48.541457752 144.350638598
9.48703286563 196.314417276
33.0425359214 149.713143059
-27.7970172331 354.35958516
2.66096443412 348.093596936
46.5925110836 266.505730545
26.1378259724 317.705074451
-39.6541795285 274.454212928
-18.4675662232 230.074621664
35.0435559519 343.202498471
35.9461210545 200.728058196
28.029409297 315.490208027
-22.5313324114 205.572479148
0.587011643593 252.554823279
6.98922841729 145.959066186
-63.0158512071 108.283100686
48.9695603488 341.163249872
13.2387789371 98.523258966
-15.2193878011 242.535099691
-18.3858481324 177.178931976
30.3271259149 5.93235440031
-35.4167643184 5.86771135557
10.9246280302 103.042262385
-78.4894808472 40.5715968774
-75.3616845093 227.244724026
28.0952232923 74.1388757422
-62.9075312371 15.7783978035
-7.52853930038 246.246105392
21.978986966 225.473423748
38.0453626205 164.380031736
7.04167530549 157.03080283
2.70588488075 251.754707599
63.9335417636 191.423728622
-30.9435163366 225.888890495
43.3271888868 160.459858322
-1.71473019691 219.997346902
33.7806983706 179.777067634
14.4849887861 88.3337505357
24.7904806586 252.074715622
34.4472804374 147.547276413
55.4618327398 313.629719139
-43.4470006501 329.840981889
-20.6095835563 268.847884374
-75.2131142345 268.731579913
79.9872525398 161.570460741
53.4343935375 140.9112422
-6.17985014687 189.495033465
-37.9254347439 257.183096064
-3.5598203171 331.093283413
0.703053996271 256.539364395
60.573846843 16.6933409164
-51.5217868907 165.942095999
6.37480978588 25.0582309043
-77.3340450661 182.728884148
12.2483793093 192.755943359
28.7401861028 6.76525456157
-53.0083639031 293.672999214
-67.6057656501 104.415601691
-53.1416721203 136.666129367
43.2956982996 39.2263228185
-17.1668181674 186.02074846
-57.4951663953 312.485116038
-52.8035367752 254.715840491
56.9546696206 58.3782142324
-2.07201515124 166.521309701
-8.7567934358 115.931450896
2.35045720426 29.2850439533
41.6518664268 161.380663445
55.1959881169 349.902558877
-3.46445806969 12.8550204897
-42.6110913636 246.965679481
22.4297828664 174.815959731
42.3373544571 218.474460604
79.4688480119 112.590982958
68.1889272014 226.000372843
26.8215091253 116.587162717
-22.1808071032 52.5793289855
0.596532180245 134.351091389
-69.3229435093 274.826594841
26.6629599441 264.25359861
22.2705796945 30.7761323057
43.0467208289 163.638409796
-1.67853638417 109.177350033
-41.6231147454 3.78008708765
42.3713175728 257.344780302
-75.0516349021 186.354949617
-3.25977693705 275.268016307
47.2229068082 54.8723498484
17.4574171034 239.878975727
7.68500527389 303.068334229
-39.1240919621 255.777880265
-48.6827948565 140.962755487
-43.6433617585 336.222673517
-29.0476060871 149.533563726
-22.9197447789 255.600677837
33.7067171766 357.354459186
8.82689593612 28.1774399869
78.666102709 272.655305025
-70.6071693375 178.685903933
-29.42610102 111.293342638
8.73784392972 243.525941573
-35.1076265414 184.199082367
30.0251461763 208.808527154
52.8053160395 1.89491282837
18.0628911752 233.685387508
-27.9328440825 113.397587318
-68.3997136694 148.176569062
30.8220414222 8.97208014467
-41.1756178265 346.759906878
-2.32618249851 47.8174577
-8.7744887484 2.70306657394
28.7531668773 130.239850264
42.0247708498 198.795497152
-22.6813199505 282.281937566
49.4067163613 319.777463128
-18.6737320682 330.043920469
10.2418114576 283.031018072
36.4419586373 127.266942126
34.1472507177 332.498526532
5.93217126587 12.7244810605
-56.9259281846 136.562802265
-58.7172853133 36.5073235477
1.24446612303 221.955165986
-30.1772613193 239.062522234
-31.52693402 159.340636204
-26.4606582786 55.410859038
-16.2986550202 155.136709411
-62.3466429326 201.535564141
54.1513482494 157.190629257
-24.5755721715 257.59998349
-69.9059069852 219.378545423
-44.4593678738 38.2287771053
8.73704565137 82.7522155686
21.7447780719 199.028229018
1.80179365777 13.0469573431
-45.7567008349 56.3304518022
-67.1526918817 278.480500161
61.7726133442 260.290313042
22.5815735754 281.610256763
29.6141873543 343.806259873
49.2921877493 151.472941299
-23.4215690225 341.167129419
25.7217974425 28.7136269122
-18.8491893827 11.4996334819
59.1717456101 139.799232762
9.80269774209 199.128851365
40.5139705714 178.605717513
29.4393754927 210.116166871
-52.8503030805 83.246017755
-13.0128439633 341.716713761
64.4965337663 343.669710731
37.6965926709 139.904048845
15.2253625091 238.106732882
-16.7924452538 73.5111950178
-17.5892465846 40.8856284849
-55.2119741747 198.362080668
-31.1741240135 25.5390574388
-64.9964079909 290.46158087
50.1331445456 214.109382328
14.1916543593 141.847237664
-23.3141813733 174.804963126
31.5061975657 171.645782069
33.6672967398 86.6129390158
29.935342849 40.2926314612
-65.059307203 286.430840354
71.3905510541 159.570362786
-53.9521423672 156.494578339
23.7272182803 15.3121400625
52.7446093181 168.20094884
-6.12266823002 15.8938501986
-30.3670039744 257.868491887
53.1457736489 209.593425173
-35.5677285745 344.762486357
-76.614914939 222.700626492
-43.6631385713 345.405753573
40.4505727555 13.3265161321
60.4782583455 314.411885082
45.8660658239 232.704681626
-26.3138758058 129.155134261
32.7093934446 334.916932593
-61.9000441835 282.179867219
35.7447943985 248.431574681
17.2299137474 213.699611959
25.457844782 173.076966247
-50.5567358024 220.266155827
-2.03003296662 169.021117956
-4.77447383834 37.9214903097
-16.3661441193 259.997926304
-50.2262536844 256.264162413
-17.3253656411 342.576470653
71.4892746084 75.6888778913
-35.7998115723 32.5896021718
82.8251893097 32.9958071822
8.16582668579 119.900569445
-6.20450542223 3.29813506599
46.8203969302 200.345649565
71.1422668476 209.450674219
-47.2928069642 240.651634046
36.4453464111 165.235868099
-71.7012495293 337.200592682
38.6492947771 287.43730971
47.3893653484 38.1547481
15.8893508115 146.774194622
2.20970109274 328.940435107
-59.4744937451 255.921423521
-9.26071540126 249.170491866
21.7785140837 296.080449652
-25.9581407708 188.622982232
-7.56714865221 52.5827065141
9.81224720032 254.231306871
55.0956287324 291.094630123
-37.039538718 19.7808118175
15.9590887505 276.665281766
44.912615812 323.322467911
-53.7400684085 17.5490765345
74.2454471838 20.4973328124
-9.28695698805 46.1918795077
-9.7684733717 215.542793148
14.8052853846 81.4200827936
77.5310618727 52.2986970031
2.0779386328 112.939356757
60.9453203413 13.593299906
-43.1646816109 342.267281649
-0.719513364789 67.196500715
-36.4182817866 194.727013011
-71.1256763181 343.386503768
35.9589959611 289.987265214
-48.1907821796 91.9689138158
80.2599273518 342.372111393
-16.3020052279 198.64486416
69.322137547 287.560389719
-41.4124443907 169.732113328
-16.1705838506 220.787353902
2.78403078259 277.294342188
-55.6138932413 242.941140777
38.5496457322 287.543997265
24.3161325585 53.0921464186
16.125214319 290.447292115
-27.4252312536 297.72611543
46.8939205015 236.02404428
-79.3942213651 231.228131331
-28.9316123996 209.401278291
-0.753144309127 248.105556091
31.3960949163 163.186565461
-46.5867532342 64.8465536405
26.1549031529 301.85810667
-61.6836296397 229.090650951
-4.56480837516 227.35895211
-13.0646620472 181.12872109
10.0058489123 358.508078137
4.76013470995 53.7664739199
3.58390783299 98.9007362006
1.29283474796 240.696112238
-49.7120087418 83.6653094078
-56.4112905061 149.868324957
-52.6322527063 254.136640449
22.9739662356 23.7679586512
-6.13372203742 261.48354709
-25.1427032688 11.3226120541
17.9356088925 163.80971094
56.5159050986 229.168050655
40.6861254894 188.553150378
3.28882509126 72.4273874305
-14.5833657082 25.8100690998
48.712963802 322.2273427
-0.422329352722 226.668747834
6.56400986787 61.52260793
-16.910431649 20.2616485974
26.7388126099 63.8099563208
36.5674462878 5.92511183847
35.3939924677 289.020875408
-54.0259425612 279.584887108
-54.5887296582 104.035085022
-31.1017205932 103.90791373
4.10943411367 101.525584729
-2.93496515664 352.724683759
20.6136492264 49.6986693823
-76.6195936185 297.510117528
-15.7849923512 312.862552291
-20.911329361 219.813013756
19.2027182666 231.614228265
-19.9179039595 347.780009291
55.7615755915 242.501986934
-6.79456461085 88.4708256021
82.1224584668 306.958591414
-37.2047985601 180.579396296
6.64236280982 217.044724425
-6.69105736285 31.6851416918
27.7638105609 156.752008169
20.2581669084 55.6164409019
10.9799141427 359.634239727
55.3049842757 227.966360833
-33.2460960492 25.6782601092
25.1072716625 264.318048275
1.00905234078 230.715156804
-53.237670429 77.4887898319
74.056729057 329.780603016
-41.3561089904 149.967294398
19.9181174029 263.511211689
-20.5663535815 201.427633492
-24.3076528786 242.724159327
32.8475476809 306.191151359
38.9016531914 226.08116032
-6.20073046205 13.6796164216
-43.3356344157 189.569400564
-61.2156865495 326.542874784
-25.0125608444 116.042550753
10.517378001 179.92420357
-46.6221575197 67.5739779497
26.5801865891 119.886021142
67.7653598503 149.386960545
-0.409609032527 297.68639105
-6.85082103706 323.531635624
-7.81510159455 239.23461568
22.6339218527 320.350652603
-64.1912311406 61.9843082273
-78.7206622601 53.8155215083
-6.16952631594 350.374798157
11.8660338573 220.941060479
73.2566953392 174.699040553
-57.6721775779 274.976722399
33.7555701047 31.7418629977
10.4706654835 275.539803195
-40.4735700025 99.2763009823
-7.81953273314e-05 44.6681530963
15.6524900964 304.962072478
17.0282831481 273.55631626
-60.0680508444 196.223411835
-3.59597549659 88.920088125
-25.3284383105 33.4936050292
-13.5017036541 190.950929268
-28.9378347019 293.561011433
-3.25343916183 313.588546759
-16.9336730752 151.4332579
-21.8305020686 341.408808833
-20.295340213 104.769125452
55.7787091211 124.667727297
44.3309125061 293.005361883
-4.13731537275 314.44180131
35.9882769821 37.5028543551
16.5438929623 354.374939425
52.0403246072 351.058664017
-12.0466710165 27.0366839898
2.973097249 300.592718504
-62.0739817809 204.783783544
15.3817772562 20.4710399992
-27.4439664625 359.58631912
-38.6905217989 296.468704925
-11.2885447781 125.809598323
17.620241983 312.080714197
12.4174102696 194.691919499
49.2178104044 193.83337838
16.9538614069 215.018371223
-23.4829211967 119.263654305
-14.8698528703 240.202016354
-63.7336562775 106.538096636
-6.3707496653 191.373595034
20.1547766274 230.784250998
-39.6647492462 82.5127218156
-70.3774973964 300.462316532
27.7837376378 154.474987024
-9.14145944457 219.06539491
-30.4384682437 330.334394754
-22.8620416333 279.740779345
17.5493958459 20.48695434
-78.6609868973 99.4019969536
22.4173280164 327.941178431
-0.950079953879 327.930851185
-60.728236439 18.7463557621
13.9355623928 99.3334696657
10.5282781291 170.325670427
52.278978247 166.697965714
-12.2401813748 293.434598292
-22.090407842 117.812403031
77.005116816 235.266084527
77.0911088977 29.0037596878
40.23752891 71.884045882
-51.0708851224 355.085825514
-61.2034468505 161.837002044
36.4819596402 265.098574973
21.5455243783 350.531400734
58.6844252732 157.569950643
-53.2350408062 219.667612689
-69.8018012419 346.347254169
66.2643779688 82.4927230217
-37.6641185365 257.327786792
47.3618465163 116.276197864
-27.693404971 28.5116906618
64.0095754294 331.605684204
-24.6006765318 329.692111085
-19.1089073259 335.710901103
0.774298952452 30.8527909338
-13.7431610865 165.835381123
-41.5422418906 212.875959447
-32.8192809431 355.03479034
-33.4167483256 266.171051276
-2.27625317535 220.759869221
-8.61882617589 262.841962433
39.0790741853 291.252025003
9.82331381432 186.088121446
34.0230744635 336.124400755
-9.78838081181 257.240824823
17.5861473863 157.185014841
-23.6772895975 162.496689034
46.4375989782 32.6304330427
53.8631040212 81.5296595185
19.0766432198 209.702694539
24.6127557213 148.956904514
-56.716056962 306.926134355
-11.6732389614 15.6254579152
-70.7703425567 154.611795713
1.46953003425 182.861622045
-41.4452976006 233.246315627
11.0545800632 325.051680563
22.8890294182 29.149673019
-72.9805712816 75.191831365
-51.866287972 87.9843863597
-45.9418160369 217.800771725
-11.6471425161 318.633761612
78.5322924729 305.317324277
78.4618732226 256.528873225
-9.82054588016 79.4820029563
47.6098233643 51.3913575983
38.6159976049 45.9811647567
-78.7920513973 166.799202777
-17.2487940979 58.2708709794
-27.6845752439 218.473681962
39.1294878116 330.008676693
-65.2949897105 235.642345988
-24.8879491656 285.188292341
-88.9896809224 287.780485734
55.0473222194 152.476692239
-15.9929323378 21.7262528913
-29.6389775259 139.920250054
22.0165017801 16.3087619926
59.2808578821 75.0481515056
-38.5066052951 11.3021522225
1.4857437294 139.186496491
-47.742431487 195.36426966
-66.6873442634 267.873189059
-2.25382603576 122.811227239
45.8329052555 259.817773235
62.3533706689 210.688864573
27.6405034483 207.416794149
-45.2740899134 279.262092368
-43.7620704463 165.294525764
-40.9878969074 214.979712353
-61.8810562576 155.071986539
5.63180814759 24.6888030475
-68.0095391131 93.1260161631
46.2617762486 287.22644811
19.7992328377 205.199509838
41.3430189329 133.551822653
-34.9562661343 266.105672705
-7.49165286377 169.002799389
-35.7005484331 20.8619436782
60.9310520762 140.191722752
-26.8489716084 177.970591882
-34.4358159649 126.625642004
50.0866821838 282.630960232
-32.9361932911 216.373398792
69.4168995916 203.869098271
30.9051306734 206.846691919
-20.9785384225 241.515871542
-14.2697080536 256.838745247
24.3365001826 193.19500158
11.2574469268 34.1645857378
-73.4785672042 215.587025453
36.28824523 291.581595291
42.6496102154 73.1702114839
-84.2951416417 80.0824585466
-24.190211191 71.0230185749
-53.6852322348 343.994308641
40.181671623 107.637203847
-40.6219968433 6.27193219594
9.30845842355 148.120629813
-6.28910627972 100.367560306
-27.3524572955 253.801305482
-68.138254028 24.3193273795
6.0394581698 126.667224196
-23.4797297909 134.919240185
33.0245452031 188.440069766
28.7466474618 219.82723421
-5.73311820911 19.8424030484
-51.2702139481 242.193180421
39.7837379718 144.646795601
50.1724488692 68.7376987503
46.6071174432 81.1028546576
88.0098083237 98.0861473496
36.0296474379 321.729913683
-54.8825336604 234.174920826
-7.15362978995 112.041241522
-54.1677748544 95.2343999372
-63.4283878028 200.027144184
77.7422513218 140.115060709
6.41606114026 243.178312265
-3.38021643745 43.3600352665
50.7492276087 14.0008231428
83.2189975267 206.182537985
41.8156065517 311.78401078
-21.1604314827 181.930694582
-55.8922849217 90.327503245
-67.1135207468 330.395593249
26.634776876 331.050608391
-5.04810316932 278.323760979
6.70144437303 117.530411841
54.6414177375 302.158006617
6.82047749479 58.3348425311
24.9616366615 167.242482055
-61.5084421177 101.807145617
76.1086613177 2.89420749687
13.1641300921 165.532475894
49.4940915563 334.568975436
-20.0511302143 49.9089333408
-22.8374956409 316.062878408
-45.4124593007 111.82380245
64.4694520663 334.75434677
59.8259616194 273.71267295
2.55787446799 281.730932545
13.1218187777 209.542594905
42.8281650207 356.637098078
6.46094402084 218.243586549
-10.5481078758 104.732686393
-17.8902496062 54.8131423536
44.0632237321 347.900002054
23.1383518135 108.580883274
17.5523055065 309.59490783
6.54692756475 21.2860062181
6.85408842881 221.056463355
16.3347935511 344.717598354
-47.1710281063 15.5093805578
39.5513715211 53.9468455555
37.7206042009 307.824140307
-40.6610279593 307.286959589
48.9320660253 200.653527172
-12.308549007 348.390218391
30.3475550107 10.32457969
-41.3725424256 16.8803139299
-8.1670544123 31.3109190422
55.9651186439 78.8612753645
10.7079505241 70.711172628
56.025237969 223.48731402
51.5772719324 286.759071925
-17.1505503644 117.164873777
29.9637632662 9.73801926574
-33.9496191941 58.0130996401
49.1922620818 44.7335453274
-6.10615240572 160.183782076
-24.9761559361 124.758719077
-61.6548950338 332.854898483
-22.6445871931 13.686724941
19.5903246718 130.942376201
-38.2573648621 209.665019216
-8.43714058265 38.2851022603
-63.4125964054 350.499216882
19.9082067984 252.374806813
-12.9115138381 100.339679474
32.352283834 315.67445921
1.63036679521 124.963269583
-27.7925058932 112.366365357
27.2854958285 16.9690824834
20.4276221942 187.643273558
-14.8659972285 193.949901408
-30.5918879528 51.5291020233
-66.2823823475 194.627169305
-31.8937424992 252.885459076
-22.7033951219 73.1998408445
71.4773354377 325.36461251
-62.06672812 222.857010503
-1.92943345821 62.4784997345
-26.2162655724 244.138254372
-52.5752616079 248.430536492
-7.14797951596 238.373028298
-33.764138577 79.1327617236
6.5734688261 220.403551912
-38.4996897286 167.324171117
32.3918169689 187.949457278
-35.0595112738 51.0675929712
19.950381509 178.756268542
44.9564314755 166.79496806
72.1681749213 249.577243291
-56.9543076206 103.825548479
22.098245484 277.032663981
-47.0888575155 44.7269849307
-17.5308279766 111.529318844
-14.5158151373 126.507261165
70.2644167845 205.505720879
-58.8993713264 102.955088681
28.434646128 217.759585684
-15.3801004447 261.319677192
74.6261277772 46.7242961686
-12.4422644742 128.423648322
-25.6472681258 315.891030849
-44.1103930185 71.8804258818
3.58948510933 250.477653469
-48.5745124525 117.677807323
-16.8842105528 180.090341091
62.6340231419 241.72629601
0.690886814677 178.311582246
-52.0096912087 212.697951057
-84.7685693739 119.51945855
-74.8104472621 326.328762014
-28.6643129464 68.7232050889
-35.0383206119 32.2015791251
-52.2163317519 21.2274954026
-62.2009208467 294.907924737
-23.6963424102 82.4471861505
-11.2420132606 134.202685039
17.7080338195 342.21457991
-10.3881021568 194.85048917
-22.7059701032 316.174429058
-8.4447878332 82.1171445796
-51.1611938836 335.069710264
68.1080509315 181.342219143
49.3806933406 168.750505861
34.6673047362 36.1566274847
-16.9605191338 131.279541659
-16.5670011998 86.6626491326
-35.5428905916 18.7825643024
-67.1601504483 179.071959886
-14.0296456873 238.389775921
-35.8867667106 326.385261338
5.69090849381 174.897211661
-45.7092685862 225.217619503
-18.6614940767 203.014614285
-24.792478489 264.538335536
14.1831234531 262.187329782
62.0677594786 238.730110587
63.842713908 303.308893492
-5.74163289368 319.883795513
67.37251469 307.340289706
-47.6410202533 2.28702523744
-41.2536083415 123.164867114
31.4675147893 126.723518615
-61.0560650286 50.9333729239
53.9183465912 204.516149412
3.90040898073 206.244255574
-1.09013212904 116.626108455
37.3597106655 38.4198209115
-40.2656044026 257.511983333
26.4713116662 336.91708519
24.2162205513 146.671659822
45.5255569881 208.529486606
38.4576328388 5.0430791383
-56.8804391247 157.741743561
0.531765391688 310.997036384
41.1821952987 244.137216183
-14.9203296758 171.336920915
-16.3373309663 240.694828162
-20.0923401607 40.542117781
32.2213388624 163.969496385
73.5716763429 115.225031751
45.290356009 310.063950581
2.72685484216 138.990073911
79.3831906096 265.333752046
35.6051033696 294.727088649
49.9158147564 182.667357804
8.91203168281 227.509393857
52.8770569314 323.8535561
66.9324660923 120.061215495
7.66852488119 263.544242484
-12.6630161882 273.154154721
-34.0794815808 81.5976813724
4.90670928888 116.447335084
-6.90026136137 45.8893431086
8.25063799849 321.755294666
52.8060229641 75.7808600488
9.88019477596 244.261197777
29.6028936365 92.4496703409
-39.343685959 159.138407963
-45.2741377248 308.518196809
75.7695560858 55.2833291609
35.6697511101 347.588080975
-6.57706577447 313.899211083
32.8956936844 322.614259256
77.4190740911 308.727091315
10.5410821725 345.588310869
38.8877947376 140.559118628
-8.80886679804 142.901436381
-5.03696996098 354.046216081
-45.3581012402 132.065901338
49.1896085533 109.301003778
-16.6924649447 21.6176187325
-22.9777313774 352.582752428
-48.0626136798 185.158997153
53.1863483876 1.50647687534
11.735012046 238.491354495
5.02248099531 31.912655293
-22.7173560285 111.899706342
26.3924349341 101.455315743
1.698145964 307.213630678
32.9179293652 135.611807706
29.9534326051 344.868463572
47.6907098795 13.8005645576
25.9304870424 116.709423103
-23.4715882054 249.517902608
28.1245879831 339.249949961
7.44748459173 334.172769823
21.8391371352 37.739817523
-6.76378052137 211.604574374
2.31548471472 154.105050318
50.1794634735 282.107002761
0.0831642365917 304.330416584
-1.25334793027 82.7175386982
22.4354638762 152.108271835
36.4412551278 219.520763622
-41.0354760051 192.595269989
48.3066836596 324.551819999
-56.2863970821 249.470364491
10.9464487771 71.7458916457
-43.7335031801 180.342538996
-28.536754041 197.851906518
27.4693389077 31.8691743088
3.47860189735 309.108297833
33.2246868212 320.804368409
5.50355555111 294.209251027
21.4407834274 95.6012152466
8.55606527515 25.4052881839
46.257206852 342.592043484
16.1594643026 28.8997768878
34.9890817782 261.0448577
-75.1857388363 51.6917424878
43.2018549155 268.355509697
17.6161438695 337.591962521
-47.7568090352 53.3328969265
-31.9672353347 327.3464602
-1.65286757277 182.06026327
-0.37165623263 48.4681015203
-67.2143138484 131.881923363
-72.5914417442 5.01311296398
15.9020959445 254.617840936
-62.7736526991 105.340853267
-46.0224737408 80.9185761538
-36.5696285333 144.283579801
-43.3246139054 54.6161118866
0.206423951448 210.543081015
48.7104810283 79.9406023477
-1.31470960272 246.863335926
23.043302901 125.666437558
30.9038636734 8.50913504537
43.3970480616 310.321312109
-21.5238778013 160.694188452
43.0614467167 351.71266829
-85.4511306682 243.209731136
-61.4471753208 285.859672615
41.668193994 274.550436633
-24.1955882574 230.696114237
-9.73344645409 47.5069777909
36.233685679 143.885625659
-78.8484824202 340.001106845
-41.9623360906 275.988956434
-18.057539722 296.611291954
20.8987481526 289.30110441
-11.2198774713 303.24854194
33.4351625156 223.770275097
-25.5718269789 94.0910877418
78.2415791313 26.2476485841
4.20126387263 81.6860640203
-77.2902430629 99.4740759399
7.81987418924 231.986173046
29.4270265106 213.834480874
53.9166936854 24.6031746735
-16.4777118443 143.23321965
6.09803643344 33.8265972419
-52.151885502 165.54822631
52.4103740111 31.5540976823
52.7485844882 307.976398884
0.0208037990516 128.21271842
-60.113819942 248.984027701
-36.2142640361 257.889446907
26.0331686913 105.428600707
57.6093193469 154.577112012
18.2152641579 165.606200956
-35.9717889054 308.890797289
-28.7527673112 48.9957472941
-10.0544337555 341.560766882
5.42255847217 77.3944512591
-35.300128593 351.681386024
53.0628824731 240.097077327
-21.5847125887 72.4263287512
21.1487655196 287.675765274
-35.8078097238 288.916400835
4.49506445977 70.168391155
-11.0831481831 16.7943577067
26.9011405933 187.184339487
-50.3818488088 220.12039959
-42.7787929983 169.802464276
-25.5911905652 276.625202216
7.01855511515 223.198069169
51.4005749386 200.00713173
-59.2363933506 78.2023396945
24.5007833076 103.7703264
2.85033185575 31.5087588866
0.909010773452 0.110196844666
-15.8537791863 271.79724202
55.9350350757 79.914435893
45.928063451 97.4367739445
-29.6790195099 94.3264492304
3.65570422022 302.090770234
34.6085787697 343.151791147
73.4875830539 25.9770228288
19.072481927 130.354856989
-3.34172490639 266.687932672
29.1521831135 162.302315511
-61.638400127 143.55746239
16.7112308894 211.28886937
34.1210227913 158.227451973
19.8467470487 302.095114235
-7.15796866762 312.982599696
-14.3114849057 132.409077363
-52.21590145 243.882477448
-7.87497161772 78.2286632436
-33.4117417969 290.708341945
-50.8395261247 188.989107693
41.0006488705 72.910322786
45.406295055 246.505707222
-60.145737416 178.292020584
10.531216818 158.566256676
38.1925531971 76.3711796384
-69.9567440832 86.8263892576
-66.5924865962 17.2196428505
-25.2451134177 92.3277104831
5.42134312539 185.550366993
-20.8142706654 208.434519656
15.9826546107 35.4537258871
21.5722662764 38.881094322
12.2757171415 68.6505796874
28.8806796789 242.365984207
-47.5296471887 210.38044055
-40.5172866283 35.7877665337
-31.5730138912 5.67341766001
-61.3086727448 65.8597097511
-0.990973256935 88.7842356624
44.497432518 18.9394417948
-3.04052210172 29.6811880949
58.9710541618 296.133151391
11.5439212823 53.2016002
-12.1715943227 183.319135436
-15.7040733925 239.081100348
-42.6732495002 266.743366487
-32.2311504291 326.988940778
-33.4825571983 4.88160535547
-17.6441134942 359.886082463
74.6935758952 294.528576031
-43.8550463964 263.238113405
5.75077552877 183.963836992
24.5541014718 335.649019589
30.1441246565 39.330831543
-30.4292235826 16.7581218456
-79.809729093 357.331373147
-42.1398629524 279.082403751
-45.3858898649 35.1249581465
-0.596542265446 144.174952473
-21.7394539394 117.533922558
-30.1444149395 178.094136344
27.4093493562 133.47987344
-28.5588719011 73.3421273453
4.40396296974 113.928115431
44.7739254058 181.298137102
46.6078551036 140.25808487
-15.7291043283 132.216384066
37.2816894146 128.271990802
57.3819355193 19.9135770346
68.5783367766 183.340104117
-16.8053508962 340.761907956
-59.4304868363 144.054071785
60.0758167694 214.838600644
26.405139086 277.547714886
-4.65480166701 16.4944406852
40.1422511862 3.62858538101
6.53181833254 92.4066606397
-24.7447030233 243.979056323
-43.1040022103 211.111434716
-8.67006540127 321.158418095
-34.2528420272 297.895695367
62.3598251977 333.088026499
16.2122924007 128.497865157
6.72740720272 80.6720541361
-22.5572785925 212.631343052
-27.28907314 147.399553082
58.0795027392 39.3435527703
-44.4696848745 128.933235076
28.8027950318 248.696695303
-32.8033666023 358.88332873
19.9484024616 22.9948939353
60.0638775988 150.567476781
9.41292872823 317.285919402
38.8721877553 213.798868268
6.26324504909 66.9116613361
-38.4745341419 143.327380638
-35.1120115229 247.350984112
-29.8114022364 36.7842603978
-41.2841939286 258.396383548
-67.5249645122 275.936637185
-28.1283514173 330.082060246
-47.441486522 148.605723508
34.2082169863 321.477387929
42.3521042507 244.6079255
18.7536538192 234.865562234
-9.02935725727 63.8448654176
-32.4019768753 198.69794839
-41.5227895118 89.9849146166
-36.3107131373 95.062094755
-29.137033754 70.8515944871
-79.7677780712 230.158086575
48.8197094135 94.1288040464
-0.21735666973 127.744126462
53.5065271653 10.5655351035
-0.716773338354 18.695733815
52.4006751425 208.652279747
-23.2275062727 32.378351251
27.8601213509 109.966284694
-34.5539679922 237.008083294
50.8705420137 359.145771919
57.937960729 82.4680660388
25.5314571458 43.6200708135
-25.9860233106 39.1195328108
71.9461186412 15.6975864204
-79.9003452128 104.86687229
-64.6132138879 292.442144484
77.85266816 299.563163109
-20.6814900804 60.7519918369
13.7361294068 352.965270343
23.5587175135 43.6242850402
62.537983852 319.209164068
41.4989794724 83.3633194238
22.110157334 300.016523746
-59.4490034791 103.138226543
41.5457013814 344.098564649
64.7133854423 266.296207662
-40.0807385026 155.174043225
-33.6573075882 118.553437575
-17.6560168064 22.7932121095
22.9403668276 236.736760859
27.2342881927 49.8679863567
-55.4784369297 330.233089389
13.0018627267 248.216232477
-3.84485307579 281.016030305
41.7895630404 56.297731781
-13.372864942 141.164929086
-55.7835244044 52.0055316235
-33.8373650351 341.633385453
64.9157366266 19.5301455825
39.2219310069 90.6006971514
-73.3141782112 103.93787777
7.68204267933 195.921681398
-22.4559971324 145.796903834
75.6008913944 165.614178617
-25.3777881348 289.464236648
-4.88984170984 241.868719115
-13.971647136 80.9591884586
60.4281110966 22.4926752482
-72.3743919927 291.106268766
-24.7245881162 134.728609605
55.9091145078 300.719459494
20.4949934726 75.5965542243
-70.0179289178 294.624444566
-34.9976536656 151.018679078
-23.2406714624 67.9718432991
39.129901038 10.2857901919
-6.12576273261 98.2102040755
64.4566181408 283.335453264
-55.0490809932 53.4796298804
4.27879591122 180.437246399
-57.7902100769 166.457119583
-33.0295005053 295.154467245
15.8677759515 240.772910885
-60.8676815811 46.9723891298
-9.44832276851 148.295373372
-25.0485132526 4.87684044475
17.8065934493 299.474643858
-66.4042670732 96.6607893227
5.56325396577 351.869544075
65.5440047472 294.214469291
-60.5976022409 62.8137459096
-17.8390744139 99.3495274404
-12.5503556329 79.8462364541
82.1229297498 122.893722264
44.4549897225 265.242118228
25.9346210144 87.9808483217
-12.5430131796 92.344895239
-28.1205428036 45.7132710771
-57.8180021166 17.0678692169
48.8873214561 32.5619843019
-29.8199946143 212.700191359
3.02173310509 85.6894496287
-2.95972651337 177.208165186
62.0505610623 105.914233988
-70.7739420664 128.338038731
-28.6971354205 79.3780133262
-58.6017048522 23.3529392817
-48.94144046 243.108507732
-31.2329524329 299.236352218
50.1688015482 274.743102609
-36.9435062583 262.790736014
-12.9884499427 53.7488656922
42.9173877818 114.075797782
-11.5725722183 308.272064112
-24.6832296132 295.676867434
-41.7185085825 150.64758124
-35.4169828844 190.355719262
41.208382244 346.870692546
-35.9232399208 343.528817589
-23.1375492663 186.288683121
-37.3054379824 287.618063836
13.6848987191 106.333928622
14.4705463511 291.370897615
-8.99734330686 271.059390344
-2.84215377143 211.541012634
7.5262221587 109.564690061
65.7586366117 49.9876376106
17.6136713411 315.884391905
-14.2920572864 62.1733951843
16.5535901234 133.21090059
27.2062827096 48.119956533
-57.9040215191 148.939501192
-9.2011365149 28.3637846229
15.137693616 149.601688032
-25.461220603 153.176267534
-46.452430734 115.884554817
-28.7055775343 293.894734476
-48.2685199777 344.820624927
-51.1729827901 269.246221006
41.692386524 341.708107722
23.7771076896 311.04673284
15.3313772903 226.454402837
-16.9038473467 222.572164294
5.34554766239 332.746407758
16.0257599345 267.598642775
-43.8270050547 195.295011542
12.728145457 326.219451666
55.2799140664 294.420986891
56.6570987691 206.176021984
29.7782724038 145.762889492
-14.6068888797 298.343373286
2.16252092071 1.17970899278
37.92673931 132.57326145
37.005814659 53.8029437149
-56.2829341762 224.666546181
-46.6660073342 123.988615249
32.5285641863 100.289327319
-10.8186525226 338.859836876
-77.2456965692 96.0430465236
-27.9992745024 202.324915443
3.45992026276 255.529343342
0.986099916962 276.325712081
-69.9882244251 306.286009026
-31.5671160229 206.238299649
-25.3366584431 61.6327652209
-55.1087187899 69.7503494268
-21.7167999095 314.355877531
-21.9334552175 312.663848428
32.0504987557 320.974522082
-13.8325016684 282.959956784
-37.3594408731 74.7578138244
11.7853471251 103.186181301
1.06956803027 351.974701668
-69.0266499031 140.448606167
32.1045801936 226.359654453
-41.8726830275 169.473795573
-26.5437014261 283.270785033
-63.3360573056 245.344875591
12.2021167305 255.901452048
-20.9726969032 253.844089787
-63.0158170562 323.923469916
-55.9554880772 47.4412542956
7.58229886556 271.087476082
-6.66368281843 342.493961968
-10.9777925152 124.798265873
17.8358591023 297.608936705
57.2112354315 257.247600371
-67.974800771 101.526486314
-32.4228601787 186.388021392
34.0610673908 59.742107387
-4.22817908682 200.127534304
-21.6900494736 215.310375471
-23.4022020211 196.081767372
-35.9813545854 129.59737535
33.7462195757 313.555761851
53.3254007938 191.248930421
16.3282160789 80.9265743054
-17.8355124702 169.760417632
30.2567032495 121.942782347
49.155911815 149.68609551
-24.1955592291 286.252982228
-31.7957497752 190.099040753
-2.37097701352 256.277139773
37.8002920179 33.702721516
2.74496081987 130.023661116
-69.7157203678 66.2416812502
-23.1066204622 294.139364531
45.279707744 157.704341445
-14.7457654086 328.254957322
40.9565292636 21.0707408536
66.3984409219 178.516160072
-8.39816325437 132.886835435
-30.0972661437 352.946255096
-5.92730347542 275.292878196
-40.5968378415 295.635695054
-13.5173055137 121.956470046
-53.5430413566 202.990052925
11.3681455102 132.452981819
41.402994824 308.412001028
-3.27816764828 76.6050931269
-36.994876111 164.478796271
29.990151702 288.412797327
7.61273504228 249.092928238
61.2340324376 188.69148903
40.3669473344 52.0839046292
-22.3130105372 87.3039834051
71.4457116619 276.497095188
58.2627293939 248.885591015
42.0041368483 165.222207721
-41.0696986679 289.428391815
30.8970915408 50.1618654911
-19.119905638 224.717390109
49.0145712954 170.056219464
82.959443508 310.749674253
56.2850993461 136.253886469
2.68916158945 72.6093846511
29.4342426055 77.4843980203
-23.5140156329 193.962673861
-65.716111854 209.849434324
-54.7061679308 29.5335706315
39.041839409 105.70488869
16.601147023 217.070228352
45.455434851 5.04825642169
-31.3854227457 141.501274922
29.183144361 153.203574631
-64.3349656415 196.395573583
67.7507295851 285.502371759
66.8105950269 134.116952505
-15.5916348184 336.484160479
-17.5132487772 221.360256509
58.4091549893 330.462010009
-8.59074726821 251.094692759
55.1353531126 33.0030642582
30.9679342629 44.842462939
-3.30340775859 197.492160454
-28.8511186202 52.9511508236
-60.2193122137 74.0297498098
22.061126821 329.714951238
-55.1814671347 291.127824843
21.0349284642 234.783955134
2.92051674522 333.537890079
2.27402717401 35.9839227365
4.17391109944 47.3428210244
-14.9380301111 105.254813374
62.3578171221 279.801895878
60.8840945256 315.299509146
-55.9971146651 354.77048934
48.8544238499 168.377659495
-27.6940299333 253.02495886
23.898186453 109.488506131
13.6229548798 319.448903708
-36.2834538523 170.538594744
48.2567037504 71.7489584006
-18.0326761259 171.016434779
-63.525881923 261.788965829
-39.4089518316 56.8601807837
4.66182993166 101.754628292
14.6757969507 121.629727456
11.7474575045 271.319265382
19.222013551 102.55210752
34.2830895199 217.119815525
67.8833377078 126.073366568
7.09409487294 92.2183181733
-55.4029769997 325.832480469
-49.6466984729 322.755644172
-4.99452460415 346.054949393
-28.8065584661 11.9597850339
65.1178555846 219.506310942
-50.9064927144 286.987773979
-11.8718711077 63.1080109496
33.0954459818 309.023576166
-34.9444328316 349.311993401
7.87143614106 262.539029883
-32.0615124358 34.7778001215
3.05726502981 88.3877022
-65.5566064463 55.6375222807
-35.3366564447 97.4731583622
65.2057942701 100.593147794
20.299889119 337.280478574
3.55250475762 5.15158010836
31.3439054408 16.3324559188
-44.138898813 171.608557538
-18.2631403689 137.546813959
40.9320464505 55.7017431344
-14.0484876179 108.371018881
12.0896542507 107.447577305
-19.7421461166 178.883952099
-39.9586386259 187.31838878
27.0508019908 166.607151518
-11.0990334956 34.8000084816
58.5071203926 288.085685907
43.5770303764 262.787894656
-19.222952702 310.736970101
61.0470696694 2.36493314988
37.2409063551 269.646142243
-20.2840464952 127.316242431
-61.8093734223 141.209079429
11.2708580032 290.07269722
13.1951622028 164.065651789
-15.4371598451 143.466661856
-22.7543090595 188.5625897
40.7572960606 289.636958472
-9.44356041911 259.342555993
60.2143193454 106.710797969
71.0680363517 308.506503526
-40.7840089304 358.711153322
24.7563194675 39.0151880109
27.9752390667 99.3067021543
81.5295024242 254.438480169
66.921046016 173.34894438
58.5989454558 233.879747371
-8.10971412044 264.716521511
-0.94121522211 64.4120374961
-16.7850037627 32.5170587327
-47.2793651519 31.1459460681
-40.3244089163 239.728083187
35.7631607772 24.8314173974
72.2008710369 309.011090581
3.90605541274 133.114308055
-37.3960028757 45.5962665215
-0.796045154191 86.3274712595
-23.249035029 110.375030535
-33.9686173653 288.232671578
15.1887441574 233.539685913
31.8166945503 59.6597353056
52.7366760534 336.560521994
55.5894787301 294.586550676
-24.1274366298 7.16710361875
-61.3648305602 335.742893709
-11.0923535706 205.245272106
16.9223247159 354.682297938
19.9657272365 167.203044542
-4.76464647679 207.129652996
-32.5013458825 84.8251848119
6.09084467113 339.369177743
32.5560693581 213.638044633
-21.0277926241 106.712000083
-55.4707358914 103.760497757
-49.442776345 42.4712773913
-6.55297185528 217.351044749
19.4229867447 282.439332445
-62.1280973697 52.6872254838
28.0232689569 159.81097669
-24.7315890601 160.2612091
64.4004193443 94.3329242498
-49.9803054025 71.2729420268
49.2687875212 247.275250975
12.0603143194 75.0225724472
-15.4429672134 97.0704299182
55.097421657 286.143699202
-14.351537135 214.287076529
-2.89649923878 261.107941327
-11.1654553777 19.860082993
-25.2636539662 267.21464954
20.0904089247 15.1814700059
21.9167314993 90.7837530514
-5.09604725532 321.281607387
38.9947623302 144.574136048
-18.891572414 201.1137863
6.09940033684 285.52223395
-41.7369808291 322.673463336
20.9908122724 318.174527013
-17.5508216479 343.806177911
-22.6796021579 115.324165117
-56.8872590686 307.88492899
-27.4732372382 206.945319851
20.0681647061 103.038150611
53.6037412478 323.571551249
-74.4219665927 341.943639966
-30.7948709297 272.578834227
-15.2487849353 65.3881876417
11.9329944706 49.7882814642
-35.2871785543 168.49519339
-70.9403937765 206.949458945
19.0412799153 215.594606963
-9.04906491435 64.833248432
-10.3187996424 292.270296925
-71.008436121 22.0792814638
22.799856176 218.695389903
-52.6048875534 166.901887841
-33.3745480018 223.412455147
-0.762808706638 303.924894593
-13.0178265863 151.816281248
11.0422626708 103.614167785
-51.4214206759 150.080047161
-32.4212687446 173.149161347
6.84962063131 301.734343643
-9.44616442873 106.477751915
-58.8237747927 298.987842615
-20.1111163507 32.1258118366
46.3815470308 290.21389089
-17.1915314994 47.3005250779
-27.9136256377 191.536413083
-64.7196692163 203.165438523
-9.43316657874 244.837638422
-60.0015452924 279.725752929
8.13277027776 310.762159839
-5.35788639913 281.858356554
-19.3943955728 327.666796072
44.84845643 358.037778632
-55.4450373046 204.164722519
-62.4757403381 177.831228702
-4.40371281406 125.605771818
-67.2508621906 178.235630543
38.578885772 227.624441563
28.0004732006 42.7736601111
37.489781373 96.4156538334
-17.3496572089 47.8246567193
-48.9260998551 51.4237395251
32.232229599 266.386256876
-69.5542410354 203.743190564
47.3037557574 166.709358469
-56.0604236885 297.066838251
-5.03274378143 116.417200289
67.4641211871 175.8864826
41.1229809737 79.8281979246
1.89617598648 167.859985797
41.9693985062 10.8504146098
-56.2288220025 258.85682026
-62.4026026725 277.339148229
30.4658777928 98.23780487
-26.9845167125 23.5907698837
-35.1485701104 221.751476084
-21.7698568189 162.321139512
43.0435003947 82.0788203882
-1.17815533819 121.496538768
44.3091549384 180.714852607
31.125363293 239.156642241
53.1871031235 261.447975465
-33.3302303194 162.561452888
-22.4313059985 109.655934558
20.7377810844 127.31079194
65.9087983206 25.8226725064
10.5154664018 282.10552744
64.7663262385 66.7119602651
11.3597460851 221.690974269
-11.5945918944 189.232057521
-62.5237838887 315.388656775
66.0674499547 258.053426089
-10.1688027118 6.18008963038
-31.0501253442 102.345029844
72.6901106569 78.6584324065
-30.0793812934 39.7972617463
-40.8006233656 126.226144239
-8.06630143808 353.793499081
-25.3169157814 258.816003049
-6.85575072609 223.62559803
-23.7577697165 87.9849874163
-52.8240444182 94.6024913257
-31.7922936995 225.122611572
38.5212662962 108.814632837
-29.1895374181 356.728048877
69.23450622 203.133719124
20.3657987369 321.88829211
-14.9154529208 250.699771221
47.7206363534 122.973389591
40.4668627567 31.9610540135
75.2827685036 212.848802615
27.0228870077 185.901042565
-75.3282302427 136.607184834
-60.119202131 166.765133794
-46.7861469466 199.848521077
73.0420224935 33.9414707784
-28.2194900465 70.9071853968
18.909786821 329.79265147
40.7464667957 103.87506735
-66.5767225196 164.738999158
-16.9954504287 130.880644951
-20.9149186254 149.935383754
30.1906143391 359.785350833
-22.9611357253 69.7905245995
25.6544449471 255.73110713
-77.7743805317 233.148616601
-18.0945149511 323.597014195
8.9860453202 301.100420125
-5.44349855151 327.052079047
55.8634068819 65.096244866
62.6746559373 340.211613275
40.5952805584 265.981308621
75.0998287169 160.813744083
38.0994850394 128.9528787
43.2981161866 19.6377142318
-35.3464099548 175.874106297
32.2943774902 215.468576312
25.2332698697 288.847689132
-79.5014348445 320.968730081
30.2174262467 349.770736226
55.9739944747 131.584263719
-68.0832436844 77.0146176092
20.4985588314 96.1351516246
-36.225742169 223.172770149
10.0178239415 226.294794977
56.1704921869 320.314206714
63.369108591 101.409676419
-63.3004583596 153.786708861
0.627860390338 56.3704220692
16.1981983054 303.94647799
71.1205126951 272.981077728
40.646141562 60.4600695518
-46.6014688767 357.715502986
-27.9373332244 1.17317090092
-5.05146148796 61.1160955612
-42.428841426 338.396886654
-34.22676778 323.861451799
11.4259835521 297.619345913
-26.7404177044 140.957195713
-38.715510046 213.702972412
-61.7517471163 279.67488168
56.5400532324 48.4307881969
16.7941647539 61.4517925287
-56.2920149127 327.62196271
-12.7400257173 16.190674852
3.48317385523 228.245852174
0.0337733878004 324.64102227
47.4439829561 242.644300755
81.8830056948 14.2117769504
-5.22031870528 261.668645217
-57.2982110604 301.310953876
-20.8223678546 148.280032768
-56.4223451673 108.07525803
-45.9455145843 274.270207632
-54.9545443449 225.887141966
-29.2196722127 195.336525432
-30.3050780643 197.132851523
9.32830353819 301.127576958
-25.050295932 211.794125784
40.2888611967 353.510538004
16.1048210817 326.088967732
44.1407805301 109.664151276
35.4074137894 219.050286532
47.9114035369 79.5583098297
-34.0620167871 24.5348369233
17.1411554392 297.893728272
7.1109423883 331.985770571
-36.2250079236 56.9189443162
-33.7566151236 106.541573202
12.8453958994 50.3899494131
55.0882009016 183.990365447
72.7375804717 164.350716564
20.2284197271 43.7280731797
-30.9286265242 352.268536406
19.8927193444 240.110765026
16.5389991318 107.549032935
-14.0603465339 44.8666383936
-12.782494126 348.395272731
25.2361914831 224.980844165
-73.1540375959 276.848549402
-46.5267363619 89.3301043809
38.9793090272 175.860910372
-3.81071835164 7.88013609451
-23.2788163613 31.7255798267
-49.3627743393 92.6868418296
57.9789008829 166.86643916
-7.43185114249 258.51238748
1.01028444287 331.549157559
8.08667333105 350.141560857
-49.9864389124 174.279052221
7.07317229596 244.356492577
25.7641599833 280.709382132
59.2642195413 213.568076176
-11.5590689343 346.20862865
-38.9084423994 138.919108246
14.701712396 120.646808593
-7.24195480809 358.452125227
-41.5164954925 123.983396984
60.8908700733 135.10246684
42.9138121778 232.85612058
24.3723637984 347.200754608
11.6829224621 239.907443955
-41.3334600831 191.766822685
37.9214527436 239.470694339
-1.68748553281 155.807188101
18.5748667875 132.463104159
55.874389826 36.3383685733
-80.4336190624 17.6890544314
12.9653750024 64.4701009342
6.42961906576 285.532834403
-20.9976014804 58.2504145628
-69.3468764922 207.852956369
-13.40537835 22.6270353145
-21.0213910293 272.511461241
-18.3712759238 136.276357792
43.7904054861 344.400704897
40.46824587 166.832807308
-72.4955800392 133.298859767
28.444140091 113.43126015
11.6274399817 282.87818576
27.4140809698 254.043039537
19.2653937899 156.97592909
58.419939858 309.708370933
-56.5066604375 110.960767067
12.0592052674 250.415635352
-5.69843408162 283.08221717
21.6946052098 175.393780074
16.5973443152 19.697369104
70.163480249 2.38387241067
64.2880968834 19.4237653862
11.5831368134 337.91940179
-21.9109036404 252.62020185
5.63335817364 35.9827206232
56.1567430161 322.991039812
-20.3190853656 263.356384961
-49.4660194788 235.227425656
-63.8375980963 336.087927545
12.509351446 231.490273992
-40.9202165629 263.989188327
-61.9840213594 200.085719886
-84.1157672138 310.36614547
-3.17498803591 195.736487649
-4.69504001896 326.168252568
25.3924098622 343.700856394
20.797034683 123.706378172
-32.9485456882 276.261480982
59.8947006432 14.5841802083
-17.3886319758 357.856669336
-24.3296819463 319.40240378
-24.1096132512 203.840042646
-63.5225078095 257.593317226
-45.8777522776 269.975248078
-75.334882847 319.533871261
53.1176400997 277.904687893
19.5393987813 289.656793341
-84.7248834839 333.154279334
33.9692901389 4.09384634132
-71.7174029267 337.948607679
-13.4909196392 327.314740801
18.7528273663 164.656217265
18.2679471145 248.184704323
-23.2322191033 301.203446699
25.3011892708 108.704099886
48.274779846 230.987298861
-71.3056927839 213.038504289
-40.6675098089 12.7617815773
-35.0298272717 220.212074389
-10.202171601 222.633991167
58.3954536298 37.0392757557
17.7099701782 323.593981591
-7.16956504817 87.0660264446
0.198626089891 50.8921185813
13.1788380507 145.384182824
15.341351074 151.074659308
-23.7571737825 220.540251318
-18.0341172958 167.249039036
12.3170414935 153.346831018
-1.08597862697 147.112111401
19.8828155701 325.705466271
34.9351198687 128.164292379
38.0560826024 117.201893402
33.9532528547 200.563314034
-18.6346872918 169.241828689
16.2597622155 169.094897659
72.6991333368 287.537522245
15.7739086617 227.167720474
-30.9024361638 233.578426746
7.57000281751 329.516821111
22.8044016669 145.291592779
-18.0599268731 267.115393231
-74.2863053754 318.476885827
64.8829039073 100.471187936
8.53758363703 204.214077466
-29.4811216089 187.041206043
20.3683737182 2.83719697509
-31.9599850889 121.025774809
-19.907940421 103.860710293
48.6056444547 218.355014255
21.3881653576 48.4716941998
-52.0880847049 281.27871938
15.7251957525 134.940632337
34.4626893442 179.465638329
-30.9968771895 56.5037746826
-33.2097594428 250.2231333
54.0204545042 298.496997901
-68.3630697045 265.996335037
23.1917809683 231.747116425
-22.2271192009 205.618637567
39.9477581345 251.260201903
11.8669653244 294.247582048
45.8747743151 224.735326186
-17.3019671206 300.330329957
-27.6308626363 170.011918857
21.9367917649 4.29223601596
-18.6506733495 23.191408723
59.1875711584 250.515438076
-25.573256196 293.363482362
-27.7644782119 329.301151057
-27.2364414098 45.9263012622
18.304811353 148.462549083
-53.5809386613 27.933762743
-18.5191887929 48.0427480746
41.1536314476 83.0716430255
45.836282784 48.5494968846
49.3395038848 107.930526321
-10.6337908914 42.4387212946
-35.2405044567 36.3879420863
8.45708131993 157.75545858
52.572560268 298.893148873
42.9012480448 123.607777561
16.266081848 266.444231522
68.5770322105 182.916017671
52.0845227613 11.2771827584
-27.5036213347 282.032034604
39.4295175312 3.88646130755
46.5744452333 103.647499108
-2.30346187424 345.426845197
2.72933612182 162.671350632
-72.5814833284 314.470488105
-11.6105327022 36.052108515
-22.0919360968 146.669883973
20.0092321264 36.4217310321
54.0659640546 337.960874698
80.0253718255 118.064600936
-15.2408243498 347.519833725
71.7697904776 110.832380001
20.4469891956 6.27886611861
-26.6120408838 214.765449318
69.9419089123 172.587938363
46.1843594694 78.3192657029
17.3583469171 116.719764009
11.8376791808 5.54396892665
-35.1011071259 150.036156365
32.5819386996 200.318820582
-4.75630126628 143.464476195
-22.7423818416 33.2854037879
-57.3453188751 184.913943626
-45.6059039184 212.093411013
11.0242693912 248.523399744
12.4630282493 295.20700506
62.6909459385 246.851642643
57.7011785611 53.7946313747
-47.0286357376 95.8921471543
2.51072417804 28.2624895024
6.37774121769 238.905373241
9.283453101 206.030525294
44.4426817216 151.667287501
-34.6969101912 74.9987760681
-42.2484322243 160.478627682
4.23675993886 336.149262644
-88.201251696 41.5056901332
42.0181455663 167.934953953
72.6179565386 131.4514302
35.2176096626 301.58946167
-21.40377917 231.103002266
29.609665769 149.280819405
14.1980832749 50.7036463413
24.6827480848 182.839492232
36.0339982684 39.3072093338
1.53190118731 211.945564738
-69.8909557011 221.179092572
19.9846246624 42.2495796961
18.2162220919 60.6316507339
-30.2385144557 160.182006226
-65.7165899672 187.8628778
19.4558228791 249.633496729
70.2917102205 271.224435035
13.6937941868 282.289341491
-48.313196245 234.482771112
-80.1917074224 179.583172224
40.2078175872 293.643383514
42.2834574344 65.4568378731
29.0768973534 341.237862858
-25.1757357712 295.840218238
3.8732064717 6.75578279674
26.3581046958 277.064465342
63.1535478208 6.06016858402
-40.0585813689 82.6647413359
7.63363969001 28.4225037592
69.0827394166 59.0182507689
5.06235350525 250.397822218
23.0065923418 144.429964415
32.0131683568 162.720077201
58.2086411258 270.231134285
-56.7555252101 67.9608262039
-9.93941507738 125.605840119
71.6588545451 205.939888684
-39.1040351116 295.467180626
-7.57702595952 221.013720031
-17.2858905628 171.122166107
25.6498533524 6.85153393806
69.5898536417 320.903078303
-7.44494632268 194.996218086
-20.4624100552 181.885628994
8.4050856511 40.6721133564
37.0570923042 53.9564590467
-3.8955275299 251.607967815
-51.2899805155 282.794584244
-52.6967570128 212.560213462
-16.3499138823 135.790717681
56.4042041849 254.753106003
74.1676308386 128.19142189
-13.9279074583 77.18109664
-54.2339491421 199.546367168
-47.6630271228 243.011409763
-67.3666748782 359.455316092
-24.3723637984 153.707314742
-49.8648752056 176.851834217
-41.894689897 11.0293741038
34.5450170293 140.686351392
22.5272804017 279.075737486
-30.48960587 18.2098614782
34.848946787 305.609000676
2.26709474544 254.907796127
-18.5328662467 58.9542109153
-13.6641007931 213.296466873
-30.3922176177 281.46608513
41.4078510885 260.988057847
32.3446408524 189.025034488
7.78315679981 276.195911166
-35.8449761982 34.6485422066
26.2340616303 42.8587267022
-26.9105782072 140.391341861
-13.3172945229 52.6387072351
22.5418748084 148.764702991
-59.6773571936 233.875649257
37.2689476967 131.925677555
-23.9781030814 243.298687519
-36.63395867 23.3245205722
-40.9709921892 227.870260071
-45.4624938515 30.6480150323
35.4987983054 135.944314976
-58.1159349682 18.5062694901
40.7688664011 176.170768734
-19.7699484017 154.548671105
57.2909095882 168.901002249
-24.9786762759 33.6648344566
-20.5067994546 57.323216383
53.7075942741 24.2191985138
79.9530537826 329.72404905
-49.6812728905 114.966877921
6.97231558824 359.683772259
42.4574769941 209.171305822
-38.2360375964 175.146950698
-58.6598092715 357.894262697
-26.7483185257 190.050013656
0.706451908661 341.342419394
-2.17504044402 322.594123859
21.4724430617 243.649622639
-58.3407438146 315.601430828
-3.04419802416 287.744613581
-22.4388482349 117.057189015
28.0441505528 324.986766446
32.9408890461 314.283149676
56.8428799145 195.393830719
-53.667548875 207.619322918
3.48106375366 239.877609689
-6.39052007474 151.310792608
60.069157335 187.933351692
8.13729271676 11.6934665666
-40.8072623095 341.646827265
-27.2969620085 124.877769275
11.5737973835 7.14660237907
-77.2144279632 246.411368649
-49.1249744732 173.403025818
-15.5187737754 86.6348297721
5.83499261501 150.376504692
-61.6455786558 345.281334847
38.3857758336 140.471910773
13.5469707328 136.737395561
-44.7314894405 351.449869932
11.4879086085 319.074663983
-34.8340638048 180.211071515
-4.38783475867 218.461155395
36.6086289134 194.22727539
-30.8690706897 11.5833220823
-21.84544823 118.995391795
65.8618271097 242.595833733
79.703792859 275.960679451
60.6988597953 53.3634005513
66.3676640894 314.881993342
-31.6417358396 269.704799907
31.8236408527 281.328279233
-32.085640079 291.162221676
-18.5975754589 97.2889276697
-35.7292591333 342.721707795
-17.0679887452 65.0030469348
-39.5557462573 135.728303413
86.4060730764 164.989134345
-50.5429593109 286.535178324
-34.3652771862 223.946412016
24.4709063526 308.548959981
54.008894409 314.620369776
-32.5869452283 48.3756685703
-39.1410615671 283.723162122
-74.9796310479 289.340063809
-11.3982845737 69.9024304189
11.6929414958 102.282198934
-37.5247485264 249.829851008
14.5814071515 130.861438459
-0.260267159768 293.222479937
-74.67389129 99.4723410719
-2.49968531168 233.97069817
37.7284008618 101.69747327
-12.8991913231 256.261293734
7.99054524867 252.080261735
-9.73281295405 114.378962558
16.7075101439 147.525173921
-20.2663323996 242.244652727
-30.189419056 122.321475355
19.7975167527 203.815904758
-7.82914360971 236.434429366
-21.7011280404 53.3134582081
-37.0585949458 225.018519489
11.6260116184 65.6583147932
45.9669886991 339.677902294
13.8688852324 353.396856336
-21.9973209013 211.904856811
-48.250696599 325.779505521
44.465877044 223.37971122
20.368634973 78.8021737376
-13.6032711284 35.1280283165
-10.7519301122 321.552902501
-26.0014288022 106.32736481
50.1607419249 22.2029625293
45.1766538498 320.492228764
-10.0835747576 342.734411947
21.5250986976 299.265722031
0.529123922748 228.787376892
-3.29562731935 134.099836051
-18.0137701623 161.722555394
-20.0060663337 69.740029011
-15.9140965869 93.3920930124
-9.22508828077 124.289321157
49.9175393792 195.107331604
23.6247449522 7.65025327139
57.9259942376 60.6119661287
2.12741182739 80.260405465
-41.8584045171 21.110343998
-26.0413256447 84.7965868098
-15.4322933353 163.072528623
-37.3295451351 152.57458251
-27.0717365206 287.106865158
23.4469397602 93.9729118088
9.90974473563 311.436709321
-54.3071141285 226.608532886
79.1175508924 148.603223659
19.7820002704 228.510658608
-32.1044674955 66.4886062491
-56.6959864511 60.7288648164
35.5462544598 303.450141804
64.0057368631 163.003270505
-11.4291980099 175.672875264
77.0395682902 145.18079345
30.7123212634 286.506819379
21.5520779448 252.751040953
-34.5480291427 353.216020247
-37.509349865 142.529013486
-14.080272757 110.048417719
41.810815174 189.028271997
21.2920560582 276.411991031
9.4010271236 257.353960076
70.981429553 227.576138465
25.6619786458 305.898327489
-17.1436177224 184.996261066
1.92235012515 166.929126636
-52.3158920043 336.020609201
38.7674775403 133.786125462
-24.9894338239 321.310922559
-20.851609602 15.8012499089
47.5281650377 218.35771901
45.8922800899 292.755677488
9.1320278071 157.286962245
-6.78773356791 66.8300747264
-31.0527788727 185.663830095
16.0069342256 266.383224272
-26.2272502241 69.3441170958
-2.41256347406 348.112967352
-49.3676442642 24.1503792353
-37.0323772646 304.184551064
-10.5070968587 55.8905568838
-68.1524266705 141.654749273
-10.8748060691 85.4380576861
3.62129415407 249.686635601
-35.2069170014 67.0835430465
-25.9918409242 350.63776044
49.8884359431 152.895669703
-27.5633188956 30.3567108793
45.7837688746 175.555163784
-37.1284780263 32.9428663859
31.064485817 95.203267935
-30.563225064 185.967513966
49.8184640702 196.692440925
65.6014329778 49.9334229841
-12.6484140975 166.139611409
-32.5448917535 114.305538024
24.226715137 126.644821175
67.164979392 182.966123939
9.0102293125 263.747426951
0.506326939093 54.7304629137
-44.691430381 174.955555137
67.6919079959 6.34950564255
-0.704000404358 210.73354767
5.40319488588 67.3401395933
-63.1391771028 281.376500369
-21.2306424123 283.378592739
-17.3504136523 159.347288808
21.8293597194 235.302120605
18.9779162504 69.238296975
-8.38880077257 164.733562327
8.58732875853 152.166109877
-67.7157931674 34.8165375394
-71.8318427462 162.960650124
31.6310568388 267.568371376
-14.8923241927 14.1225277223
-79.7836992421 148.91198919
-26.2386583476 204.274046527
-50.3339896732 185.504741329
33.2007333478 199.29839032
-45.8394280861 76.5249818381
-6.70056882815 3.96624517414
23.0025181339 325.299698393
-30.270370458 266.770878489
19.1107326939 272.018977281
-49.8693523946 299.597723867
-32.0183866214 132.739112104
-48.1439783083 266.025240398
32.8720578148 27.0054836857
-3.84845386614 88.61914316
-33.589097904 312.655378993
-13.6662394961 219.218022317
-21.5396487081 198.672417143
32.7862399029 119.368279143
34.4547287587 168.847112057
14.1837450003 317.169505657
-24.6626724513 190.456041081
63.6378287235 293.101558268
-23.0387369195 76.4318522088
-0.340273887952 162.579197719
30.8257297243 306.402859903
-21.8940996675 50.3520589387
-83.0813692149 152.198416672
54.9290370034 130.663868407
29.4712041742 239.13098805
-56.6073818221 350.902689817
-7.22196540571 359.606099348
38.5513088832 20.3656689633
14.5576261403 187.212001754
-1.5104710419 294.790199597
43.0570002636 266.879806346
18.0958058568 137.135937099
17.751721417 322.848616707
18.2684013221 83.8088663238
51.2195715105 163.984864311
49.1934197988 4.86710443698
35.2202085495 50.0341375385
-28.6625883236 191.343432918
-48.7110991604 180.850882655
29.5645079733 232.03144354
57.1064295938 134.85334252
-57.8747609886 208.541043286
-39.6629597367 231.071583396
-72.9369127124 28.4469404685
46.3735864453 218.127637258
-8.07947772676 354.522307587
-18.6772786439 287.991238051
-27.6247120509 322.177728206
58.449220879 358.653233317
8.95115671392 236.866725699
-51.3270923484 284.452653646
81.5556893694 232.307902277
59.8848378501 175.345681882
80.008890579 157.53411947
-76.0801111269 345.06153936
-14.4727559173 166.022268759
44.0392839191 326.405560661
-12.0018197256 284.177205777
-22.4709040203 180.091584185
-51.1413077878 15.3675499721
23.4135145219 19.9055959586
39.4502778912 257.642795116
-23.6625090681 347.705860757
12.412542906 327.184830603
51.1664155632 352.66873085
-41.3330161208 260.330392592
22.8034898366 103.452053245
30.8972178993 256.258425054
4.23233098807 175.339316146
35.4745272282 75.1560684945
43.3461938881 250.964919165
-0.287729376069 104.378418141
39.2257320072 249.840615386
15.4965910286 202.526747533
-20.9858791683 57.3803031041
19.3187017089 311.515283817
6.26905369809 1.96989101654
75.2146100459 279.38782249
8.1071203561 169.821356579
67.0853530467 195.429566269
50.8108188396 153.958815968
-20.8405925069 214.371675252
-9.79208618944 311.340922748
-43.6126054167 206.219038516
33.8270377891 159.815006502
-29.1061715442 167.346806364
61.5479752526 51.8199144026
-41.281103268 222.130565244
47.8638722505 185.302308182
29.9281062636 96.4396892691
46.1782498652 318.188679165
-35.2335171731 178.864294814
-52.2323861115 38.830038658
69.3267479247 106.008080787
40.0920663713 91.1519753797
39.8728446197 5.67543213893
-42.2225287319 214.449921899
-3.23100305763 153.108853567
-15.4600204882 157.116876874
10.5956869736 42.8454727201
28.4913059623 88.69821626
42.685229652 108.751241852
22.5477692616 322.117048805
69.5660640928 172.937917256
-34.059957485 329.096819118
-37.505883544 31.8436362314
30.7725532866 267.817044904
47.4554405985 108.829235782
-43.5625469603 323.121277859
-24.7392405795 163.086270963
-40.1453213562 355.360863571
1.21827917775 17.6449467773
-20.5763051671 236.548274959
1.90912602515 239.856299498
34.2185852134 134.226235531
-17.2320720872 108.225856871
21.0060470093 267.28434479
-15.7075994777 163.752706181
-8.18858060724 300.812595954
6.7509150063 269.434488341
-32.0768086444 160.653466864
15.1349034837 11.359346519
54.109376737 96.3877730012
21.1289921219 210.292522355
44.7036837404 99.618069988
-23.9388448616 352.047128994
-4.19183949223 25.3954014851
44.2828382196 108.006758062
17.544092204 271.211703563
-27.2411388724 273.858784357
22.7923617509 171.745789699
-31.302931136 66.4542025862
15.9044301616 230.636090534
53.5756760005 314.165888989
68.9384311798 289.679469569
52.6841040874 345.728766879
76.9588354542 340.643527118
10.3565048479 92.5297133278
-27.8424089628 106.246584162
51.7355752268 272.344039644
-5.68004934681 8.1688003794
-42.5530893972 35.9222939396
17.6996241491 132.925002532
42.3461449106 331.640408886
76.8074579717 123.0762659
23.1386728324 71.4781823812
-23.9112269917 335.075912076
10.6118574465 320.561541524
-8.94467059553 125.092401139
-51.3241382916 332.05396318
-14.0062907092 34.1866506639
-44.3402596199 4.40953939231
67.3544761604 110.746708939
14.9266510159 115.563508605
60.5138299707 217.465750946
-13.8904396018 248.534246084
-80.0664827341 284.801129898
-69.3687945692 4.02420146368
-2.53451415381 140.052209308
-8.31913284304 159.834527183
-40.5196054775 303.000906602
35.7056403391 25.7294574997
2.72920762888 126.120822722
37.8469251345 28.2946340802
-78.5010853386 245.279469699
-46.8511635173 265.916148616
77.1046395024 95.8924818335
-39.7659931403 193.009999076
25.8214686855 187.182372393
-1.25386158184 320.800652786
-39.1730575883 271.657113859
-47.3121295693 100.411567215
-26.0309198515 123.527290612
-5.23969424441 359.251393964
7.94971437781 155.176133263
19.7847647895 36.179962826
-79.8186151691 55.6847701143
-0.867382744812 260.997346904
55.0973157891 244.184890904
23.4378419482 111.757570106
-8.09931174233 14.1488709081
-21.9545383039 78.218458941
-19.949532858 168.108017287
43.7092150274 221.813125372
-1.88732961085 248.180879417
15.0908316881 317.166855544
-22.9991747563 39.4741391571
-9.57825772596 53.9841725393
-4.10061292436 134.248406325
-12.243348875 28.8026413526
0.0973716370451 217.090814542
-24.3250766912 111.234322974
-18.4992770839 198.92109067
36.7199302611 85.0299402228
71.1918881719 107.99005142
28.6634523426 236.547919789
-0.0385253851937 311.306006821
45.0075076301 188.993192146
-57.6357316885 153.910294304
46.774822493 354.767921189
-14.8114171869 59.0270343922
-68.5593488507 127.981079384
9.35621510623 120.482583525
81.8406107107 71.5718379351
-78.9946484684 119.727820301
-57.5970728177 358.347787258
-26.3355240904 230.376379421
-26.5796896928 3.90381212248
39.341483223 264.415446773
-33.2281019158 37.5191546015
1.99631851254 64.0539033572
-10.7254451999 27.1916063406
60.62501179 92.5674842739
-41.1387621257 280.683618658
-3.04808674967 198.408853803
85.0267027132 157.519243318
-29.1216453378 27.6976362732
39.442399268 191.00660897
40.9656475661 92.1247036005
-80.6515703988 352.338914675
-73.4402771637 314.325824698
5.25577592481 43.0802024162
26.8268878993 302.106452349
-25.3648141905 307.168551429
25.9802739988 87.3704411457
57.1756330705 314.692441932
-16.9975575421 19.2737163754
-5.13375843727 196.731509607
-33.5768172239 50.2179481743
9.18103526817 19.1822413594
-14.5284202515 181.033276027
50.7367010418 318.032267833
-30.072653557 358.033161424
15.9408214095 293.055085661
-10.2581065814 281.317897346
28.9803901955 129.934527147
-62.6485782751 148.830996807
62.1916932611 237.51848967
-32.6751673667 331.369933395
31.9693595235 194.476618276
-9.16773176722 260.093057179
34.582340598 313.880250478
-4.82336134421 277.58396953
67.1823007518 114.705199714
-45.5888865021 67.0170989663
1.16283404994 235.022793189
-28.9725969497 327.688843923
-28.9554395145 6.9180493084
27.3817502693 171.666013089
4.48073557667 185.674348586
-73.8461884759 38.0979277563
-53.7748443167 53.1945821807
10.6178475224 246.113872929
-0.338457191035 260.824215269
37.7995099613 43.9865514436
-2.86868307994 185.048935485
-2.488896601 117.238462235
-78.8967513671 90.8072762229
37.6164950425 27.8813956826
-31.0259908708 14.3712610137
-34.4327253043 242.906498057
40.4024506577 40.3691808063
76.6113495802 93.926090862
11.5615850053 150.269079476
-35.7937805153 52.6926076729
-16.903714158 51.6856328836
15.0414460053 7.05736040803
20.6117350659 61.1030362395
-25.1687416575 149.968660436
61.6763418278 123.55429718
-33.5083616529 251.007320979
-18.8590846192 204.449937558
52.8998117067 42.6991017662
-40.3713528065 1.39030176086
21.015568293 84.9500270095
60.3176669378 125.783903151
-9.46938536436 249.296577158
47.646603933 264.836869444
-21.4524972018 82.9919483783
-12.343110618 230.974294181
-72.7082038281 174.888086528
69.1461713834 144.920208073
11.3737906616 16.5807657385
18.0834227239 145.842338253
-46.4238771281 134.588467784
-12.7313385704 201.608401279
-18.8288098057 59.5854501682
12.3252377205 148.899872435
27.6738381866 291.119983786
36.38175735 334.9872289
14.6171648993 122.739127763
-4.01527952907 256.629905383
44.0798313371 50.9536005291
52.6215771206 223.91588107
-71.3871564501 25.6231814637
-12.4340580019 186.444479736
72.1496582785 24.0158330464
37.1741754069 359.055422176
16.3075650019 214.147645047
35.8687350112 43.6038252085
-8.27162973113 138.8120382
16.8530153713 96.5331262569
