7.67518751705 105.578648566
8.22896619542 216.326037669
-68.8143392739 178.53246299
-36.9999334551 303.76718194
15.5048599263 311.991631739
-34.2936661937 240.259857298
3.91549745317 189.279600043
-38.9437320156 158.593384073
14.660748834 259.20830717
-4.21032992062 148.345400124
-57.0549333738 236.813119468
70.3519619552 169.511983879
27.5718095356 347.681812836
56.7915792004 336.509663087
-65.2812778851 325.445143389
3.91888882285 311.297182395
48.1194109344 201.175223813
-58.1382403859 187.034961162
6.35172330393 270.296358748
-18.8434550352 125.633673883
40.6152748466 228.655643602
-44.5250550056 255.396732916
-9.7320295541 112.406968191
32.2208714243 358.544363815
-38.2446287027 204.55130524
-31.3455623273 57.7795548076
-41.0305596883 228.506940615
52.5702202752 226.028104293
28.0346032556 339.761314506
-70.5843237034 283.099642099
-38.8783293281 162.540121435
-23.9056202074 60.5003351994
42.7315310632 7.18177880064
-5.98437243507 33.3474505587
-6.84322566436 4.94715273958
-4.69021073025 251.486965682
-8.5272155447 10.3746529585
23.0262664971 261.079858682
-58.3612165032 260.764642672
56.3932143597 240.075835251
36.0960251787 325.037862504
-28.9045287639 332.633727411
-44.9773262931 152.29124978
15.3334348992 221.323858416
36.1332766935 110.140018733
35.3304491175 156.845001983
10.7454970877 265.39491599
70.0322946449 136.403472956
24.9968129526 319.60621616
-7.15486966016 199.560151091
67.1061568107 217.85638311
-51.6768547906 359.001675202
-21.6914906988 35.3038715616
71.1397520168 24.5316757152
-13.6070069544 145.064775259
79.2195693558 266.37016389
-6.23489128689 58.1262092358
-2.23220011355 42.1915962162
-63.6108211435 17.0866151585
36.2176728438 35.3180186928
-41.0241335455 320.460874751
46.7486760105 121.298872988
26.1601636774 172.435146149
-55.6047399074 158.803756237
27.3984320303 11.6086575635
79.328076349 36.6644685917
5.33108950738 313.348647387
-39.4884424779 109.546758478
-9.82549294651 165.27981026
-34.1635981425 202.040429351
-75.6181837317 216.626237587
11.3430378086 93.4958529664
-27.5533620111 161.226807083
16.490844076 359.432188461
-13.7324638351 165.05746384
30.7641051061 8.14223247923
42.7023340298 113.149489752
10.3762468851 42.1628525716
-39.9117800043 157.289948214
-64.7365986033 340.688410932
-35.5670406573 150.32835628
30.9525636626 136.583195795
48.4645024749 51.8294314628
-34.7914953253 185.571807087
22.3877713135 79.2958251535
-0.446091347498 216.299263308
-9.52349617954 350.357267209
3.58370749326 236.182560501
-65.8775340645 24.1781704638
54.6981674654 114.269082436
-8.22645533591 25.7212148106
42.0793078162 115.25626952
-57.4587980588 292.848968183
-22.615332029 338.028865582
10.2824991191 46.7301395386
-24.3245036949 232.689152968
-27.8577239492 234.514144575
-77.1228035135 35.8207565257
7.55378247389 120.677875694
-78.0546447731 114.033728688
-44.7199277602 329.867594308
-36.1071580607 156.349289177
-49.8480449714 82.4425038584
-58.7327668963 191.29868359
-38.1544114254 148.329210455
-6.19197919996 255.126544219
68.0628026224 159.59343308
-8.40854287377 81.4416347632
60.5538933979 114.381042276
-36.3836236582 264.157701929
27.2197329055 223.869019833
-22.4000137541 129.1983326
10.0855128452 331.948859447
-2.10273519685 285.773529812
-7.12035712866 163.863637936
-50.1577807534 36.7463356489
5.09857715451 142.088628906
-24.2931552478 171.959465609
62.8224153438 224.65386989
-13.7095039128 48.4527174277
20.0882424722 304.135093781
-12.8094981516 193.209653596
15.4509178523 123.756750997
-6.75179393538 4.25880369907
-52.4030816613 244.150008363
61.2146058604 76.7548302681
-28.0359243548 16.2136138951
41.2520414376 215.898208103
43.1685932612 339.057431272
-60.6945461166 145.461426865
-9.03784688662 74.1369681267
45.2644665903 243.359857934
-60.006086339 166.805608324
82.0883105444 119.492524833
36.9278307555 323.416091911
-27.912466028 321.844025998
22.0635086256 160.624768635
-12.2020551744 143.436619566
-28.2872941074 242.459015721
-19.0003977408 260.931450933
-61.9628670447 15.6664490974
-31.0666192683 10.6787289049
1.02633233075 149.565111487
-56.0303783085 142.569828415
14.2473647107 51.2184275735
-55.860547947 313.474167466
-20.9244720322 242.39790524
16.9554162504 213.527283364
-24.9102599049 101.237120218
-53.6242402087 196.46832934
44.5596376392 74.8245013785
28.7020901667 68.4504424621
-54.4201828464 168.383144957
-5.17924350602 340.117743711
0.88144271072 292.849478162
51.6951555614 184.659704955
9.73334680293 253.594618218
51.6851062569 319.415609038
25.0749184901 314.887235217
5.17936904498 11.2137958027
33.3852679781 248.875097975
44.7277215034 258.833985081
-29.9974841963 357.75656807
61.704482389 242.256663087
53.4869325914 254.487968446
-47.1827263187 230.625642849
25.7277387806 123.029820612
28.3096133085 25.2509401852
-39.2829998294 41.750320019
59.5490954485 202.98565926
16.8279221434 198.336032292
-29.8807154913 220.317933784
16.2898451285 357.385855742
2.34765774387 25.1768554596
-75.6865204028 224.805571697
-38.0807693526 214.030145195
59.8831434661 130.885323884
-35.8524698189 351.589758991
6.99866046603 279.301955878
8.22537195394 113.155542192
4.2669383875 217.257624627
3.30234499566 272.906585652
44.5366514246 260.481906147
-28.9050287409 190.680181878
69.4226848356 268.535689996
1.56514465428 188.723172512
-16.0643987535 320.626063669
25.9640859306 13.3676017508
-14.3395574095 76.2727605121
-60.1899863229 236.029009621
-33.0461712219 164.743056202
14.4524342311 311.930550845
43.2609707441 236.351704222
23.6777460431 26.154126339
74.7529400335 296.75198348
67.862683616 194.251502965
22.5962530393 300.153097815
-71.1384470386 110.770662389
30.9517739665 86.0492918008
14.3900107097 270.477988195
33.4572225812 143.587002906
57.0278080959 355.658459496
30.5728017659 60.2522074696
-71.2775079992 43.9898623388
-35.490008701 260.684909617
51.053950961 11.0975942462
-1.2451950338 210.219777119
39.1582181549 40.1578365512
-48.9897783242 79.6518528339
46.0534980693 335.0161898
29.7267364228 171.672046377
49.2987973893 205.959823117
-18.4765641165 120.011435816
76.134557739 59.6733227103
-68.1300571544 342.422897268
-10.3127761953 332.517648281
50.2311206686 284.038332917
17.5105648522 126.250372439
-44.9632681692 56.6932382944
-58.2789483697 76.6712497776
48.6464350311 144.888780419
12.0784471299 222.899519555
36.2974417499 155.579089221
24.6985709708 281.533003903
-54.1901650907 348.127431427
-3.04722413968 342.502193084
-0.407513632612 20.4716119869
-15.0950314059 288.418533945
59.3755816827 128.373170715
40.0551730268 172.64643085
-39.9241760435 274.898589048
-17.0110984033 201.763987763
37.0598331187 241.728718461
25.5684814976 319.386730413
0.767422295526 140.283747202
19.9927408513 8.79499184825
-75.1626321424 255.743711229
-2.20389437021 131.211723218
-8.37843819671 314.274198058
61.7612626144 224.864150708
-70.2696077541 79.2795885669
-61.5439978797 151.468477206
-15.1238116745 131.59513965
-49.9699708002 354.958927415
-66.5491922006 91.2135134168
11.1178935724 238.966672521
40.0131836022 267.632283211
-24.986397053 266.17491414
23.1744592716 320.781151722
-55.7720587113 30.0354726446
-28.2495976096 207.014440216
32.1426981317 16.6403932743
-25.128553475 322.982569832
0.209845807578 267.73722002
44.4879828043 214.136535042
55.2507574586 24.8021050357
38.5543722098 339.050205861
12.3354281677 309.873335026
-82.1327418192 227.248477577
47.2108969295 314.138251098
-43.7091988783 10.0318907024
23.436444138 199.855995906
86.1454271869 212.234392665
-0.214466916841 7.97427675802
-23.1873726249 298.37195255
21.7263384603 115.504947575
-23.5206231406 164.82430478
-17.9551409055 35.9102206523
23.0419748417 102.040467527
38.2824349992 254.247711337
13.8617089027 92.6914764996
48.8843414711 101.392172424
-54.7669026915 45.9874826444
-31.5906324412 266.784578399
45.0250597591 186.14334575
-15.0663679308 276.90390852
-29.4512792444 47.8528384573
18.975372854 68.0467019832
29.4650725717 126.089944408
-26.1069664473 175.394427901
25.6783132032 56.9503591061
-49.7285635218 344.391803997
-41.3766481486 157.468522493
17.7194911428 149.887548297
60.8092994951 309.874749387
-26.0776821694 28.930205621
7.71399476391 129.507270543
13.2117508166 202.668864135
-48.5389760916 144.35131565
9.48586988992 196.319663448
33.0445543871 149.720004643
-27.7972215435 354.366455151
2.66027584789 348.09810652
46.5884088262 266.510646026
26.1350608645 317.708282204
-39.6581896632 274.459226219
-18.4706711393 230.078392505
35.0423570629 343.204445125
35.944633387 200.735428276
28.0265267255 315.493359844
-22.5330702957 205.575546607
0.583187858913 252.55950361
6.99155571662 145.964025517
-63.0117768454 108.284916176
48.968216477 341.163485816
13.2428430205 98.5279648745
-15.2229777905 242.539237593
-18.3855975539 177.182120089
30.3275408309 5.93464196753
-35.4161238135 5.87531020822
10.9286434308 103.047003009
-78.4865130813 40.5914374807
-75.3646665816 227.238810026
28.099142618 74.1428740108
-62.9061388926 15.7908308766
-7.53221224329 246.250548756
21.9760270148 225.479205644
38.0464207766 164.3876769
7.04330007112 157.035819603
2.70207971219 251.759440979
63.9327195965 191.436493246
-30.9464352104 225.891816264
43.328517687 160.468066627
-1.71730573861 220.001868747
33.7806694493 179.784376829
14.4890959692 88.3382931142
24.7865537306 252.079963013
34.449432143 147.554208627
55.4588557228 313.63032292
-43.4488756879 329.849111005
-20.6136091965 268.852578996
-75.2171316205 268.736314338
79.9885426207 161.596908355
53.4369390023 140.920078858
-6.18047341364 189.499176243
-37.9293849301 257.187115897
-3.56165186878 331.09820654
0.699155926174 256.544065164
60.5749924651 16.6910645169
-51.5207344144 165.941567686
6.37666201811 25.0624657707
-77.3341891175 182.714956792
12.2474458869 192.761393561
28.7406617386 6.76769393561
-53.0119998369 293.680022311
-67.6015925241 104.417417248
-53.1387475401 136.666570825
43.2982576749 39.2279753295
-17.1672050793 186.024060799
-57.4980274587 312.494339605
-52.8074475841 254.719166857
56.9581121638 58.3795355959
-2.07099148224 166.525713284
-8.75299064091 115.935710822
2.35262883667 29.2895391747
41.6531332723 161.388685303
55.1952460998 349.901460819
-3.46337231255 12.8599293391
-42.6148307923 246.968906228
22.4301071102 174.822214015
42.33477921 218.481987971
79.4725993015 112.603937306
68.1859891046 226.012079292
26.8251370367 116.592657519
-22.1773517402 52.5849401811
0.599558178993 134.355656888
-69.3269359661 274.832482883
26.6588587254 264.25848476
22.2726800867 30.7793357695
43.0478338811 163.646650597
-1.67454482719 109.181855319
-41.6226161857 3.78843445994
42.3673019773 257.350252426
-75.0520490254 186.344057885
-3.26376373231 275.272733619
47.226218528 54.8744285517
17.4538434409 239.884259265
7.68163126823 303.072739341
-39.1280190162 255.781782938
-48.6801118109 140.963580226
-43.6448184338 336.231018976
-29.0454494692 149.536111045
-22.9236676933 255.604941807
33.7065133218 357.356413034
8.82891129079 28.1815252739
78.6620323807 272.659071418
-70.6070276719 178.678648119
-29.4221427684 111.29700229
8.73418676813 243.530866142
-35.107894238 184.200760023
30.0231302715 208.815206925
52.8054249732 1.89420195067
18.0595555061 233.690811737
-27.9289480142 113.401226777
-68.3974486665 148.172053044
30.8226692427 8.97433485608
-41.1763490062 346.768148243
-2.32297619979 47.8221827415
-8.7741182067 2.70838141211
28.7562511863 130.245867317
42.0234182673 198.803573417
-22.6852340681 282.287035068
49.4040548115 319.778497193
-18.6756192639 330.049837785
10.2378398815 283.03554498
36.445173801 127.273340126
34.1453450474 332.500766766
5.93319798338 12.7287309223
-56.9229953324 136.562615351
-58.714570804 36.517366773
1.24179014108 221.959860639
-30.180744961 239.065980813
-31.5254231292 159.342798899
-26.4570776735 55.4166042041
-16.29686119 155.140158618
-62.3481234603 201.53284929
54.1529034332 157.20040456
-24.5795255283 257.60428559
-69.9084882381 219.374536369
-44.45658461 38.2365557188
8.74116889228 82.7567125887
21.7433964452 199.034367269
1.80288571029 13.051497192
-45.7530487072 56.3373494517
-67.1566478477 278.486880845
61.7685789655 260.29625915
22.5775432386 281.614604347
29.6130371632 343.808713708
49.2941047363 151.481679706
-23.4227145101 341.173538906
25.7237618911 28.7165446711
-18.848175266 11.5056791964
59.1743575915 139.809018168
9.80134060863 199.13411555
40.5140298389 178.613788459
29.4372766913 210.122766361
-52.8460118998 83.2511190466
-13.0139628684 341.722314541
64.4953625686 343.666181733
37.6991865216 139.911027516
15.2218574144 238.111953326
-16.788340859 73.5161095692
-17.5863667454 40.8912328333
-55.2132457319 198.36104329
-31.1721342461 25.5459474245
-65.0001254555 290.469589877
50.1308281404 214.118045017
14.1941651237 141.852602684
-23.3137622567 174.807753521
31.5067471793 171.652830238
33.6713511617 86.6173638649
29.937976449 40.2954664499
-65.0631277421 286.438253243
71.3919680561 159.586279398
-53.9504345351 156.493856332
23.7283029115 15.3150644871
52.7454159602 168.210782345
-6.12136742017 15.8989366726
-30.3709615892 257.872703385
53.1437353656 209.602772409
-35.5686069033 344.77004803
-76.6176655735 222.692673914
-43.6639605731 345.414307462
40.4514937449 13.3277848517
60.4753208653 314.411520051
45.8627874311 232.711875412
-26.3105887545 129.158356495
32.7076446788 334.919253017
-61.90395012 282.186364937
35.7409570687 248.437304827
17.2276008882 213.705276004
25.4582916456 173.08347012
-50.5593678348 220.266992436
-2.02918575149 169.025528634
-4.77177867393 37.9263895366
-16.3701189094 260.002419074
-50.2301874033 256.267754966
-17.326420258 342.582412357
71.4932001281 75.6904527111
-35.7973735792 32.5967273092
82.8273832758 32.9732794183
8.16941593151 119.905412209
-6.2040953368 3.30326086934
46.8189438471 200.354326637
71.140261175 209.465676624
-47.2963505256 240.654163956
36.4463466899 165.243362963
-71.7026035872 337.217023649
38.6453696962 287.441018399
47.3918600674 38.1558905273
15.8915669829 146.779720964
2.20773147197 328.945013289
-59.478420686 255.924537914
-9.26445175568 249.174907095
21.774823856 296.084413786
-25.9587198571 188.625578656
-7.56371781061 52.5876427592
9.80831161618 254.236159271
55.0918016636 291.097214089
-37.0379201807 19.7883899773
15.9550104394 276.669843916
44.910151562 323.32389267
-53.738572933 17.5590969022
74.2468473587 20.488445707
-9.28381859555 46.1969597579
-9.77080959674 215.546828968
14.8093507092 81.424499814
77.5342586603 52.2920277129
2.08182790982 112.943958942
60.9462525015 13.5908173065
-43.1657263291 342.275710123
-0.715578620463 67.2011097751
-36.4192988737 194.728662594
-71.1266027129 343.402958987
35.955128194 289.990942229
-48.1864866538 91.9732252571
80.2586768975 342.35420543
-16.3032762236 198.648313124
69.3182411986 287.561804931
-41.4116662255 169.733061067
-16.1732220454 220.791084572
2.780067029 277.299024799
-55.6175110473 242.943139872
38.5457233263 287.547692402
24.3194025184 53.095651869
16.1213737548 290.451571627
-27.4287435997 297.731849508
46.8905050432 236.031126692
-79.3973835555 231.219246065
-28.9335997926 209.403915263
-0.756864787265 248.110212596
31.3972343892 163.193519807
-46.5828081619 64.8529331462
26.1514106265 301.861751507
-61.6867062972 229.090355433
-4.56776578237 227.363357699
-13.0646928488 181.132330154
10.0058078651 358.512024608
4.76358257563 53.7708812823
3.58808845819 98.905335697
1.28933741744 240.700812789
-49.7077192213 83.6703238496
-56.409143356 149.867399654
-52.6361527756 254.139920455
22.9756206956 23.7710208882
-6.13769328587 261.488180383
-25.1416926621 11.3291769
17.9367126976 163.815549221
56.5127978362 229.176715454
40.6854779167 188.561210344
3.29288543652 72.4318996606
-14.5813873611 25.8156773219
48.7104381658 322.228359306
-0.425247007336 226.673352922
6.5677144553 61.5269829269
-16.9088157504 20.2674757446
26.7424732552 63.8136545788
36.567851125 5.92676157593
35.3901029944 289.024617733
-54.0298961267 279.590650519
-54.5845679919 104.038102354
-31.0975894104 103.911825446
4.11357204025 101.530198942
-2.93531932489 352.729585319
20.6167794996 49.7022941537
-76.6230798531 297.523310077
-15.7878618485 312.868073696
-20.9139206952 219.81643963
19.1994717272 231.619735036
-19.9185904503 347.786158649
55.7579366047 242.509395286
-6.79032149265 88.4753935632
82.1191926748 306.945644768
-37.2048044606 180.580817422
6.63991483707 217.04971932
-6.6887243538 31.6901886248
27.765381773 156.758555638
20.2615515456 55.6201990166
10.9799453164 359.638131017
55.3019318751 227.974930618
-33.244094322 25.685333397
25.103169225 264.322898092
1.00594820319 230.719842913
-53.2334396289 77.494459386
74.0546568623 329.772967302
-41.3539768617 149.96864195
19.9140244476 263.516042845
-20.5678162308 201.430787368
-24.311260574 242.72798879
32.8442268442 306.194292431
38.8986744362 226.08807865
-6.19958315067 13.6847154516
-43.3362890266 189.570129336
-61.2177469576 326.553996096
-25.0087500673 116.04621791
10.5173663569 179.92953582
-46.618137868 67.5801642794
26.5837018458 119.891604456
67.7674198114 149.400112471
-0.41312074108 297.691102812
-6.85311308325 323.53676174
-7.81856107865 239.238970142
22.6313053117 320.35404515
-64.1873458146 61.9927724649
-78.7170574971 53.8320431864
-6.1700448191 350.379926312
11.8633265015 220.946325212
73.2570681285 174.717106333
-57.6761773039 274.982116785
33.7577047203 31.744179658
10.466601557 275.544412439
-40.4693520035 99.2802247251
0.00297005274124 44.6727736109
15.6491400715 304.966112999
17.0241814734 273.560917101
-60.0691698437 196.221109741
-3.59173545274 88.924652522
-25.3259635002 33.4998560196
-13.5024376885 190.954543671
-28.9414819027 293.566660621
-3.25627475734 313.593410094
-16.9316381403 151.436687618
-21.8316325129 341.415089737
-20.2912365954 104.773259897
55.7820378554 124.675718155
44.3271290607 293.008481428
-4.14010746924 314.446725536
35.9907478081 37.5051332529
16.5435152756 354.378419931
52.0396654832 351.058180915
-12.0446188428 27.0421104357
2.96969071309 300.597316225
-62.0756786981 204.781339886
15.3832413216 20.474639067
-27.4437945087 359.593144373
-38.6940732864 296.474957309
-11.285114713 125.813652835
17.6172066619 312.084544858
12.4163421007 194.697386525
49.2168029448 193.842561988
16.951472115 215.024006182
-23.4792230021 119.267297751
-14.8733619278 240.206131519
-63.7295377606 106.540073207
-6.3715060048 191.377722326
20.1515656501 230.789829834
-39.6604863995 82.5176788246
-70.3808809062 300.473185507
27.7854566565 154.48149889
-9.14399466955 219.069500419
-30.4403254736 330.341245181
-22.8659950065 279.745795853
17.5508517512 20.49039595
-78.6567147788 99.4026458785
22.4151529474 327.944442407
-0.952110414398 327.935605433
-60.7266484806 18.7579825161
13.9396125191 99.3382005177
10.5289527109 170.330990687
52.2798901077 166.707684068
-12.2438323751 293.439677595
-22.0866587074 117.816139464
77.0017673349 235.280784567
77.0930594803 28.9928428285
40.2413852985 71.8875737206
-51.0710033791 355.095626702
-61.2020997255 161.834315608
36.4778549871 265.103505339
21.5448569938 350.534477466
58.6859570222 157.580726558
-53.237640013 219.668032587
-69.8025237011 346.363014234
66.2683907588 82.4961010987
-37.6680690229 257.331819565
47.3654729514 116.282729498
-27.691232789 28.5182258577
64.0076140975 331.603007784
-24.6025802865 329.698477898
-19.1104260056 335.71690539
0.776569722345 30.8573856291
-13.742097005 165.838950569
-41.5444500363 212.87751962
-32.8194291622 355.042147896
-33.420775012 266.175603544
-2.27887092488 220.764368439
-8.62281385569 262.846591712
39.0752411319 291.255511465
9.82286603014 186.093408056
34.021402518 336.126569603
-9.79230144314 257.245371022
17.5876994076 157.190776537
-23.6759968631 162.499498006
46.4397736313 32.6314573902
53.8671081308 81.5334318146
19.0745708519 209.70853392
24.6148254604 148.963075504
-56.7191828599 306.934750373
-11.6719483782 15.630938203
-70.7684958976 154.605442794
1.46938930788 182.866303238
-41.4485590083 233.248832128
11.0522747294 325.055727783
22.8910277375 29.1528077117
-72.9763453983 75.1995723531
-51.8619820174 87.9890339183
-45.9443118741 217.802056823
-11.6497103194 318.639109394
78.5289544142 305.310430721
78.4579091031 256.538212303
-9.81635714039 79.4866973872
47.6129865766 51.3931859374
38.6189129636 45.9835209202
-78.7910381088 166.783155896
-17.2451192937 58.2761322808
-27.6870991802 218.476628793
39.1274230332 330.010478115
-65.2983488335 235.642059188
-24.8918102921 285.193525859
-88.9934437726 287.864042416
55.0491807741 152.486442701
-15.9912199475 21.7319998344
-29.6362475577 139.922960314
22.0176595271 16.3118327451
59.2847656988 75.0509775887
-38.5055727296 11.3100402039
1.48851366632 139.19111247
-47.7434951004 195.364472041
-66.6913639033 267.877746898
-2.25027474482 122.815684729
45.8288601657 259.823179201
62.3512784771 210.70016695
27.6385723072 207.42330528
-45.2780506891 279.267540177
-43.7609752813 165.295224612
-40.9902296683 214.981418175
-61.8792439094 155.069411761
5.63365048717 24.6930863143
-68.005221781 93.1297765366
46.257849981 287.229848324
19.7974447482 205.205450345
41.3459416294 133.558863801
-34.9602945581 266.110204089
-7.49080848651 169.006816844
-35.6988609714 20.869360662
60.9336430447 140.201929845
-26.8487833891 177.973068358
-34.4324083502 126.628444694
50.0826752092 282.634557643
-32.9386020824 216.375875934
69.4152451162 203.883632677
30.9032399764 206.85347419
-20.9821037696 241.519785178
-14.2736372887 256.843226394
24.3355187176 193.201397889
11.2598040251 34.1685482894
-73.4809275292 215.580420126
36.284418358 291.585184687
42.6534914402 73.173724185
-84.2908338682 80.0931384299
-24.1861460049 71.0281786661
-53.6861408126 344.004460055
40.1855430389 107.642836829
-40.6213189637 6.28013264443
9.31062801569 148.125749412
-6.28494159616 100.372028305
-27.3563500892 253.805416229
-68.1362773381 24.333329262
6.04280825674 126.672033675
-23.4767288535 134.922486835
33.0238994821 188.447286629
28.7439838877 219.833581464
-5.73154836981 19.8474480424
-51.2738119137 242.19552047
39.7860626665 144.654134883
50.1762238266 68.7405251126
46.611121328 81.1067764028
88.0138330897 98.1068834519
36.0270968667 321.7322725
-54.8858347809 234.176194795
-7.14970991598 112.045588159
-54.1634921462 95.2383186761
-63.4297684883 200.023986433
77.7448595745 140.134003072
6.41244266874 243.183166136
-3.37722981936 43.3648324663
50.7501859622 14.0006304313
83.2172094744 206.217885895
41.812535672 311.786269708
-21.1605260885 181.933670453
-55.8879755995 90.3319006385
-67.1153352569 330.408970377
26.6327875393 331.053506711
-5.05206286944 278.328511893
6.70513768142 117.5351812
54.6379403215 302.159618048
6.82406527406 58.3391872136
24.9624945293 167.248905144
-61.504232663 101.809967531
76.1088408606 2.88241892203
13.165127299 165.537963023
49.4923132058 334.569340832
-20.0477966366 49.9144998246
-22.8401972692 316.068857211
-45.40849687 111.826708191
64.4676856522 334.751294996
59.8218720286 273.716891549
2.55396655748 281.735590549
13.1197674434 209.548026477
42.8279011199 356.637981126
6.4584313028 218.248563911
-10.5440120637 104.737031957
-17.8867081503 54.8185015633
44.0623458138 347.900803694
23.1422075005 108.586005039
17.5491524689 309.598782746
6.54852865093 21.2902231656
6.85141604713 221.061449481
16.3337360592 344.721130871
-47.1696854085 15.5183318068
39.5546512261 53.9494759194
37.7173539834 307.826902155
-40.6641496821 307.293877524
48.9305960088 200.662510723
-12.3092018641 348.395794231
30.3482779573 10.3268870002
-41.3711151514 16.8884475847
-8.16474193596 31.3160601658
55.9690925829 78.8647054525
10.7118647205 70.7155090094
56.0224101319 223.496331398
51.573341496 286.762275854
-17.1467829682 117.168815047
29.9644462031 9.74035954109
-33.9459234096 58.0191345548
49.1951066741 44.7348123903
-6.10469288474 160.18792126
-24.9726748327 124.762131516
-61.6565568132 332.866538625
-22.6434137113 13.6930588348
19.5933892443 130.947880861
-38.259373883 209.666812407
-8.4344190993 38.2902084735
-63.413024729 350.512138559
19.9042758973 252.379926519
-12.9073420218 100.344050651
32.3494088332 315.677298913
1.63382949363 124.967884785
-27.7885794049 112.370049133
27.2866859379 16.9717222146
20.4270321855 187.649362474
-14.8669437466 193.95342172
-30.5884626432 51.5352015299
-66.2833926071 194.622653556
-31.8976173157 252.889415993
-22.6992871078 73.2048960875
71.4749983406 325.359287271
-62.069498931 222.8560008
-1.92563746745 62.4831553675
-26.2199198817 244.14205055
-52.5790370224 248.433318291
-7.15140704123 238.377398701
-33.7599195838 79.1378118264
6.57083585437 220.408530018
-38.4987392162 167.325500416
32.3912043676 187.956612026
-35.0560995652 51.0739911226
19.9504255788 178.762322525
44.9573301691 166.803511761
72.1643490546 249.586335851
-56.9501413965 103.828447609
22.0941604797 277.037147726
-47.0857212777 44.7347135323
-17.5268867846 111.533368014
-14.5124138859 126.511153292
70.2626591878 205.520586069
-58.8951851256 102.9579514
28.4320974137 217.76594544
-15.3840854625 261.324213281
74.6290678222 46.7187487511
-12.438950054 128.427611989
-25.6499767774 315.897193918
-44.1062757159 71.8861836883
3.5857144085 250.482398204
-48.5707348134 117.680081356
-16.8841703013 180.093656023
62.6304210978 241.734678236
0.691072260294 178.31619561
-52.0118878821 212.698152624
-84.7648170657 119.500504523
-74.8125064403 326.346436412
-28.6602952465 68.7285788412
-35.0359072859 32.2086484123
-52.2145870543 21.237102203
-62.2045102509 294.916119937
-23.692104468 82.451965758
-11.2389789884 134.206647039
17.7067989292 342.218014872
-10.3891059696 194.854342852
-22.7086655225 316.180420025
-8.44057382728 82.1217917377
-51.1627204817 335.079133926
68.1079489454 181.356947678
49.3814583068 168.759756034
34.669700395 36.1589808706
-16.9573387619 131.283241555
-16.5627498607 86.667269592
-35.5413421121 18.790006244
-67.1600409906 179.066647599
-14.0330875445 238.393877646
-35.8888659375 326.392495377
5.69131142973 174.902187429
-45.7121579852 225.2193182
-18.6630612719 203.017932499
-24.796496294 264.542867187
14.1790531357 262.192149959
62.0642603257 238.738748781
63.8392841511 303.309011075
-5.74413392954 319.888838865
67.3692561983 307.339040996
-47.6406193364 2.29624603474
-41.2500462115 123.167367211
31.4707555371 126.729576453
-61.0526129536 50.9425943753
53.9166290081 204.52584755
3.89866267029 206.249108527
-1.08635559911 116.630613828
37.3622291414 38.4220093183
-40.2695573608 257.515974717
26.469700091 336.919887557
24.2184282289 146.677758548
45.5235724784 208.537745001
38.4579733352 5.04451177438
-56.8788143753 157.740353463
0.528802370113 311.001715034
41.1784861947 244.143430358
-14.9196568116 171.340393443
-16.3408608246 240.698880798
-20.0894744137 40.54787663
32.222424079 163.976540014
73.5753484079 115.235478385
45.2872061531 310.065972925
2.72963593757 138.994770272
79.3791292459 265.340206994
35.6013657519 294.730558408
49.9155958254 182.676788998
8.90900973705 227.514463295
52.8746266554 323.853882234
66.935971321 120.07058249
7.66448579 263.54899656
-12.667024491 273.15891047
-34.0752336995 81.6026114428
4.91047213079 116.452042692
-6.89714123751 45.894303134
8.2481673875 321.759531214
52.8099481023 75.7841360611
9.87650506644 244.266172025
29.6069550817 92.4543499155
-39.3421617984 159.13976238
-45.2772015768 308.525586327
75.7728798485 55.2787769406
35.668856496 347.589898441
-6.57988497255 313.904260698
32.8931942312 322.61683531
77.4158840873 308.720382591
10.5401184983 345.592266168
38.8903513146 140.566233913
-8.80630932827 142.90546606
-5.03722705805 354.051279744
-45.3549439325 132.067573992
49.19342516 109.307144896
-16.6907583353 21.6234176992
-22.9780717232 352.589171068
-48.0629520892 185.158977713
53.1864269012 1.50569030228
11.731505456 238.496434436
5.02479043648 31.9169895554
-22.7134197643 111.903577957
26.3964203983 101.460292962
1.69500892034 307.218278831
32.9207508948 135.618268778
29.9523560065 344.870877718
47.6916559338 13.8008640102
25.9341118008 116.714875781
-23.4753912323 249.521968059
28.1231305136 339.252580448
7.44578360347 334.176992075
21.8416484414 37.7431543035
-6.76587879249 211.608765615
2.31735451868 154.109749946
50.1754498402 282.110652959
0.0799037277972 304.335123084
-1.24913714509 82.7221175023
22.4373373911 152.114325026
36.4386144815 219.527704585
-41.0363456717 192.596343486
48.3042898443 324.552760708
-56.2901970709 249.472957603
10.9503842163 71.7502296674
-43.733490435 180.343143387
-28.5379812027 197.854370956
27.4714930061 31.872008164
3.47555589639 309.112862662
33.2220860771 320.806974106
5.49990543631 294.213789546
21.4448435099 95.6059430314
8.55790720697 25.4093807215
46.2559613613 342.592655535
16.1614706638 28.9033819817
34.9850100998 261.049959777
-75.1822312672 51.7058138903
43.1977431588 268.360294512
17.6145969889 337.595444685
-47.7532745584 53.3401594781
-31.9692791703 327.353376557
-1.65295430571 182.064711493
-0.3684219907 48.4727337547
-67.211128901 131.879688398
-72.5908036866 5.03099041941
15.898126915 254.622807568
-62.7695076209 105.343096687
-46.0182140675 80.9237472243
-36.5671472334 144.285601426
-43.3210329746 54.6229227784
0.204400504031 210.54769966
48.7144708563 79.944381155
-1.31839759897 246.867968225
23.0465965381 125.672009887
30.9044603958 8.51137874556
43.3939105373 310.32350479
-21.5224605133 160.697198255
43.0608346719 351.713557351
-85.45473966 243.191975989
-61.4510115053 285.866626511
41.6640950278 274.55482047
-24.1987275103 230.699583541
-9.73024297504 47.51206656
36.2360555341 143.892614958
-78.8496328684 340.02586342
-41.9663338108 275.994103188
-18.0610917132 296.616616157
20.8948693457 289.305287231
-11.2231834428 303.25370772
33.4322945379 223.776849208
-25.5675760226 94.0954709964
78.2433552118 26.2347287744
4.20545593438 81.6905917235
-77.2859796936 99.4751420367
7.81665805274 231.991145442
29.4247041944 213.841013426
53.918363287 24.6027287631
-16.4751742259 143.236772225
6.1004386527 33.830871625
-52.1508043029 165.547576306
52.4124805021 31.5542169447
52.7453449857 307.977774044
0.0241250631949 128.217256931
-60.1176058653 248.98624078
-36.218224449 257.893537027
26.0370868913 105.433702246
57.6110440834 154.587487623
18.2162423421 165.612073936
-35.9748395209 308.897435742
-28.7494603085 49.0018212234
-10.0555665731 341.566173841
5.42667215655 77.3989429069
-35.3005163969 351.688973757
53.0593214161 240.104420394
-21.5806226441 72.431382224
21.1448494358 287.679971589
-35.8115861933 288.922139664
4.4990586146 70.1728701834
-11.081777732 16.7997890425
26.9005808521 187.190977537
-50.3844727167 220.121254175
-42.7780191152 169.80324175
-25.5951813453 276.630172209
7.01576779416 223.203065509
51.3991534335 200.016541396
-59.2321458271 78.2081941869
24.5047359229 103.775340687
2.85263976959 31.5132244476
0.909182953269 0.114813530234
-15.8577958321 271.802005316
55.9390215155 79.9179736893
45.9320780203 97.4419021923
-29.6747636022 94.3307907328
3.6523594254 302.09533268
34.6073763931 343.153765608
73.4893427938 25.9693023256
19.0755753948 130.36032449
-3.34572863684 266.692627175
29.1533811135 162.309055443
-61.6358570346 143.555711707
16.7090638327 211.294533026
34.1224964379 158.234592265
19.8432721878 302.099036943
-7.16083396947 312.98768198
-14.3083605141 132.412889344
-52.2195512933 243.884888089
-7.87080208429 78.2333489367
-33.4154734596 290.714063053
-50.8401372938 188.988670021
41.004525268 72.9138760048
45.4025198304 246.512006929
-60.1455733387 178.289351609
10.5327050288 158.571521198
38.1964963022 76.3750179073
-69.9524122863 86.8313194031
-66.5909912721 17.2334168868
-25.2408529318 92.3321614116
5.42098703903 185.555334608
-20.8161889144 208.437748977
15.9850579872 35.4574065108
21.5748427369 38.8844675027
12.2795693589 68.6548508752
28.877019243 242.371672073
-47.5317046185 210.381186634
-40.5146503949 35.795234127
-31.5723935583 5.68061970255
-61.3046711298 65.8672527005
-0.986735957659 88.7888004256
44.4987346155 18.9402987958
-3.03831799482 29.6860192761
58.9673741409 296.134850663
11.5472503341 53.205713136
-12.1717822125 183.322818721
-15.7075436523 239.085171025
-42.6772785572 266.747921811
-32.2332162355 326.995858559
-33.4819920228 4.88900560731
-17.6439331677 359.892072114
74.6898603255 294.527094391
-43.8590590272 263.242409141
5.75052694468 183.968824732
24.5524103159 335.652005139
30.1467059977 39.3336275647
-30.4278236411 16.765098276
-79.8096394354 357.35926986
-42.1438258906 279.087771937
-45.3832815927 35.1329822042
-0.594057085281 144.179461594
-21.7356957343 117.53768454
-30.144237056 178.096296188
27.4122808931 133.485890988
-28.5547516058 73.3473164035
4.4078146824 113.93279177
44.7737971193 181.306770348
46.6104304257 140.265977108
-15.7259704977 132.220132131
37.2848617368 128.27847808
57.3832955626 19.9122311601
68.578094038 183.355061062
-16.806531076 340.767791974
-59.4279813223 144.052827103
60.0734724998 214.849038364
26.4010566324 277.552137989
-4.65346184247 16.4994232059
40.1424904161 3.62981295647
6.53599508002 92.4112454037
-24.748351173 243.982905272
-43.1061028261 211.112759756
-8.67249318459 321.163636066
-34.2563481706 297.901775469
62.3579576399 333.085760784
16.2154782273 128.503159305
6.73153858837 80.6765552289
-22.5594574991 212.634519895
-27.2867853386 147.402280714
58.0820552665 39.3431183103
-44.4663741979 128.935164446
28.7989471218 248.702156909
-32.8032365357 358.890675238
19.9500151743 22.9981775671
60.0658627764 150.578217668
9.41019977221 317.290128874
38.8698757738 213.806215204
6.26711943106 66.9160743756
-38.4719972596 143.329254387
-35.1157603825 247.354558865
-29.8087275988 36.790766906
-41.2881588708 258.400404509
-67.5289543969 275.942597141
-28.1302280404 330.088705886
-47.4392653648 148.606366008
34.2056499891 321.479892128
42.3483844312 244.61417732
18.7502692421 234.870996328
-9.02550712647 63.8497411519
-32.4032660572 198.700061103
-41.5184987402 89.9894079354
-36.3064553344 95.0663281957
-29.1329648125 70.8568958837
-79.7708932178 230.14837252
48.823750703 94.1337232028
-0.214014309281 127.748659417
53.5072481432 10.5647690053
-0.715288484883 18.7004413981
52.3986934827 208.661541024
-23.2251030545 32.3844742126
27.8639365281 109.971589245
-34.5573767199 237.011217299
50.8704556009 359.145419106
57.9419772329 82.4718062145
25.534276646 43.6232844461
-25.9832248129 39.125705085
71.9471947916 15.690198064
-79.896168645 104.864846965
-64.6168766132 292.450365632
77.8491179243 299.558527089
-20.6777212097 60.7573312869
13.7356644539 352.96895619
23.5615420852 43.6276195556
62.5353003834 319.207906865
41.5030082775 83.367489635
22.1066010767 300.02037528
-59.4448166672 103.141029971
41.5445611425 344.099767593
64.7093072807 266.301438196
-40.0789462631 155.175406771
-33.65357452 118.556625029
-17.6542314397 22.7990686715
22.9369058959 236.742341936
27.2374087792 49.8712505508
-55.4802732017 330.243087521
12.9980444546 248.221239243
-3.84877671701 281.020789808
41.7929356692 56.3003226617
-13.3702069584 141.168696779
-55.7800323907 52.0137995867
-33.838464473 341.640741641
64.9170727754 19.5265827055
39.2259872991 90.6053153947
-73.3099942679 103.938759259
7.68092334308 195.926803512
-22.4536108481 145.800014041
75.6018975695 165.634118547
-25.3815514837 289.469626189
-4.89338531616 241.873208207
-13.9674368305 80.9639045729
60.4296441603 22.4906784224
-72.3780886169 291.115985204
-24.7215783801 134.731783826
55.9055850256 300.721071648
20.4989560887 75.6007643601
-70.0215190867 294.634155304
-34.9955900649 151.02065748
-23.236681991 67.9770721642
39.1306111496 10.2871801538
-6.12157102692 98.2146922503
64.4526323729 283.338160387
-55.045527947 53.4876741495
4.27882788732 180.442121472
-57.7891945328 166.455235174
-33.033099612 295.160369815
15.8641746592 240.778131612
-60.864408216 46.9819762083
-9.44608862929 148.299329696
-25.0479618377 4.88343947048
17.8030254092 299.478692071
-66.3999782959 96.6640283228
5.56280017433 351.873836617
65.5402689968 294.215482455
-60.593696295 62.8215650012
-17.8348852399 99.3538477271
-12.5461590125 79.8509561843
82.1263409385 122.914226267
44.4508925004 265.247123616
25.9386914006 87.9853623957
-12.5387696244 92.3494024176
-28.1173941897 45.7194086257
-57.816529683 17.0787992416
48.8894900572 32.5626805859
-29.8221855632 212.702829288
3.0259590873 85.694002911
-2.95946561894 177.212517585
62.0544583989 105.920914644
-70.7705754531 128.334965351
-28.692921724 79.3829669796
-58.5998101031 23.3637819964
-48.9450661917 243.111104303
-31.2364104206 299.242331081
50.1647100043 274.747360049
-36.9475173852 262.795085932
-12.9849613092 53.754026517
42.9210797401 114.08190866
-11.5756618587 308.277313841
-24.6868125732 295.682433563
-41.7164207076 150.648874595
-35.4176919053 190.357407813
41.2074317838 346.871891809
-35.9242075306 343.536420581
-23.1379603814 186.291508705
-37.3092469351 287.623774458
13.6888347368 106.338768588
14.4667352936 291.375209165
-9.00135623691 271.064107014
-2.84424263958 211.545445521
7.53013682542 109.569423012
65.7617296751 49.986432819
17.6108269638 315.888145765
-14.288252138 62.1784656284
16.5565518276 133.216287559
27.2093218922 48.1231771851
-57.9018133043 148.938305114
-9.199004547 28.3690132206
15.1397394777 149.607201815
-25.4593000844 153.179036536
-46.4485922151 115.887123359
-28.7092167957 293.900390726
-48.2693785525 344.829844531
-51.1770124803 269.250959403
41.6910820261 341.709331534
23.7740113698 311.050250707
15.3283749872 226.45980945
-16.9065811362 222.575876803
5.34379061943 332.750770646
16.0216534089 267.603361104
-43.828062931 195.29577308
12.7258994842 326.223394773
55.2761760166 294.423220447
56.6552795935 206.186188897
29.7805310275 145.769389524
-14.6103815839 298.348611867
2.1627687239 1.18423433994
37.9297124095 132.579986201
37.0090915872 53.8057428684
-56.2857983115 224.666841669
-46.6624748796 123.99062661
32.5325595346 100.294370415
-10.8199689632 338.865279568
-77.2413900602 96.0452131816
-28.0008034213 202.327491282
3.45604712005 255.534070486
0.982125592156 276.330405447
-69.9913660261 306.297686195
-31.5689030702 206.240635598
-25.3328531611 61.6382614933
-55.1046297881 69.7568775345
-21.7195901794 314.361748221
-21.9363326818 312.669719569
32.0479075478 320.97723065
-13.8364009299 282.964916487
-37.355278883 74.7631689176
11.7893539676 103.190936977
1.06915639543 351.979317917
-69.0239192435 140.444619047
32.1015800756 226.366048289
-41.8718842874 169.474691436
-26.5475988299 283.275997273
-63.3397449079 245.346238555
12.1981363926 255.90634707
-20.9765907378 253.848346848
-63.0180394233 323.934878445
-55.9522023121 47.4499335312
7.57824037555 271.09214101
-6.66475425183 342.499121564
-10.9743196429 124.80233996
17.8322259179 297.613021146
57.2072379696 257.253650037
-67.9705775611 101.528756088
-32.4232819597 186.389989925
34.0645792189 59.7453291039
-4.22953665669 200.131836092
-21.6923874368 215.313658439
-23.4033050251 196.08464507
-35.9780826086 129.599955244
33.7432371995 313.558562365
53.3245782434 191.258903185
16.3322687103 80.9309675692
-17.8347281566 169.763664441
30.2601401778 121.948607737
49.1579385907 149.694736666
-24.1993979081 286.258225677
-31.7964383357 190.101100215
-2.37487310301 256.28177511
37.8025391178 33.7047240648
2.74819852293 130.02833631
-69.7116961719 66.2505658374
-23.1102510832 294.144831783
45.2812221605 157.71273327
-14.7477683363 328.260588596
40.9579758423 21.0720829304
66.3985349027 178.530073915
-8.39506362596 132.890957062
-30.0975702686 352.953324745
-5.93129234169 275.297628107
-40.6004187355 295.642002093
-13.5137161274 121.960469171
-53.5446230406 202.989525759
11.3711689593 132.458080915
41.3997689376 308.414444214
-3.27402775972 76.6097217973
-36.9937230257 164.480333983
29.9862475015 288.416736111
7.60893317072 249.097790547
61.2334019061 188.703424916
40.3701448104 52.0863886258
-22.3087500159 87.3085986303
71.441650068 276.500405658
58.2589066126 248.892605004
42.0051406682 165.230335249
-41.0734611802 289.434364244
30.9002176274 50.1649201216
-19.1227537355 224.721010481
49.0152451506 170.065423734
82.9563494325 310.732902972
56.2878929764 136.262880515
2.69322122225 72.6139114075
29.4382155907 77.4884873951
-23.5149702047 193.965521179
-65.718135617 209.84614575
-54.7038802116 29.543257645
39.0457455729 105.710364773
16.5986389459 217.07581475
45.4557688902 5.04878672938
-31.3827806441 141.503814748
29.1849467206 153.210182563
-64.3360993719 196.391908336
67.7467894613 285.504386443
66.8135031088 134.128145778
-15.5931053819 336.489936571
-17.5159201534 221.363909863
58.4071159633 330.460919021
-8.59453201282 251.099177087
55.1375451798 33.0027901413
30.9708053109 44.8453499184
-3.30458527825 197.496520139
-28.8476336198 52.9571013432
-60.215126577 74.0361791796
22.0590618503 329.718206745
-55.1851756001 291.134804842
21.0315458946 234.789502271
2.91883850803 333.542396963
2.27660118204 35.9884240902
4.17708219036 47.3472349275
-14.9339406989 105.259060336
62.3537834933 279.805250081
60.8812007409 315.298985647
-55.9972470576 354.78132653
48.8552161276 168.386809658
-27.6979081784 253.029044073
23.902019488 109.493676293
13.6203144331 319.452863131
-36.2827324249 170.5401505
48.2605525027 71.7521233466
-18.0319823596 171.019665562
-63.5298788126 261.792631746
-39.4052926701 56.8665930788
4.66595317371 101.759251532
14.6792749444 121.634837504
11.7433656142 271.32393964
19.2259985925 102.556985308
34.2805800917 217.126645652
67.8866171424 126.08383621
7.09826311166 92.2229045896
-55.4050882622 325.842237558
-49.6490027705 322.76429107
-4.99534949691 346.059990391
-28.8054953335 11.9666698095
65.1152507929 219.517721083
-50.9103117607 286.994076444
-11.8680402214 63.1129841067
33.0922481933 309.02659777
-34.9449909667 349.319535398
7.86740326737 262.543775924
-32.0589485598 34.7845380328
3.06149968751 88.3922634077
-65.552945148 55.6471224441
-35.3324228437 97.477281453
65.2097760792 100.59935006
20.298314184 337.28377298
3.55304095279 5.15600180674
31.3450434581 16.3347238131
-44.1382538423 171.609133273
-18.2602812257 137.550332691
40.9353957202 55.7043622694
-14.0444676054 108.375222862
12.0935754159 107.452400671
-19.7420193814 178.887033127
-39.959129222 187.319524177
27.0517034687 166.613748399
-11.096506987 34.8053016969
58.5032227152 288.08829051
43.5729503676 262.793039766
-19.2259253437 310.742628529
61.0472093388 2.36222921502
37.2367906637 269.65084274
-20.2806795319 127.31983778
-61.8066958015 141.207473169
11.2670273153 290.07711923
13.1962612665 164.071138049
-15.4346347413 143.470283539
-22.7548816503 188.56546075
40.753421311 289.640447411
-9.44751151444 259.347130757
60.2181993758 106.717421644
71.0648337487 308.503806011
-40.7838806108 358.719419894
24.7588947657 39.0183550431
27.9792501128 99.3116244833
81.525584392 254.450522776
66.9215091085 173.363030344
58.5956319569 233.888326965
-8.11371397582 264.721178369
-0.937360024346 64.4166594995
-16.7826035901 32.522736903
-47.2769922053 31.1543866849
-40.3279220325 239.7310237
35.7648585102 24.8333941171
72.1976912743 309.007805013
3.90914544421 133.119047766
-37.3928439842 45.6030616629
-0.791813363703 86.3320376619
-23.2450572955 110.378934673
-33.9724111998 288.238305845
15.1854209686 233.54499187
31.8202077482 59.6630674766
52.7350266419 336.560274612
55.5857454316 294.588745545
-24.1267230957 7.17361070843
-61.3662963279 335.754593137
-11.0940581255 205.24914575
16.9219673422 354.685744248
19.9665909301 167.209054454
-4.76646372426 207.133958053
-32.4970774544 84.8299439538
6.08951020852 339.373465336
32.5537593416 213.644832523
-21.0237290251 106.716070721
-55.4665705929 103.76349299
-49.439753961 42.4794138583
-6.55540770385 217.355290504
19.4189719075 282.443698685
-62.1245654032 52.6964621732
28.0246370303 159.817590674
-24.7301427393 160.263955699
64.4044617158 94.3381455426
-49.9761917103 71.2790176134
49.2649981293 247.281717549
12.0643065413 75.0269335225
-15.4387541932 97.0748292887
55.0934802509 286.146745765
-14.3538055228 214.290821063
-2.90046269517 261.112605118
-11.1638760586 19.8655018462
-25.2676820939 267.219284239
20.0914952194 15.184685962
21.9208113248 90.7883539527
-5.09846964434 321.286617059
38.997091642 144.581399246
-18.8930127131 201.117065641
6.09552175302 285.526805885
-41.7392962667 322.681151065
20.9880800425 318.178049736
-17.5517905135 343.812136304
-22.67577029 115.327946594
-56.8903418481 307.893661426
-27.4750676233 206.948014167
20.0721378667 103.043050854
53.6012936704 323.571768884
-74.4229895558 341.962650007
-30.7988928292 272.583676828
-15.244879201 65.3932340133
11.9361699651 49.7923386354
-35.2863091211 168.496871161
-70.9422284964 206.943453893
19.038854578 215.600362013
-9.04518525425 64.8381086265
-10.3224839877 292.275295804
-71.0066024709 22.0950351845
22.7972528154 218.701350636
-52.6039034664 166.901126792
-33.3773423629 223.415128586
-0.766086020373 303.929630139
-13.0158156194 151.819977971
11.0462673938 103.618917116
-51.4192914143 150.08003751
-32.4207343374 173.151101274
6.84620597284 301.738796715
-9.44210525276 106.482093483
-58.827223411 298.996010489
-20.1087335441 32.1317186957
46.3776909034 290.217077901
-17.1883248535 47.3059930655
-27.914413489 191.538851848
-64.7212635154 203.16202046
-9.43680500417 244.841988945
-60.0054944327 279.731818743
8.1297262797 310.766489578
-5.36179830206 281.863149201
-19.3964304819 327.672741213
44.8482908921 358.038376124
-55.4466960345 204.163876378
-62.4755425893 177.827823447
-4.4002764394 125.610120083
-67.2506908839 178.230269406
38.5758303718 227.631264547
28.0032424301 42.7766925442
37.493810975 96.4205808664
-17.3464258144 47.8301241657
-48.9226456127 51.4312467924
32.2281176696 266.391092468
-69.5558670495 203.737675874
47.3046609375 166.718241957
-56.0639466109 297.074461959
-5.02895870251 116.421582547
67.4644041016 175.900871924
41.1269746953 79.832163886
1.89710893716 167.864678135
41.970145039 10.8514661558
-56.2327908012 258.860416333
-62.4065783326 277.345027253
30.4698972515 98.2427273942
-26.9826616896 23.5973377472
-35.1512786996 221.75396352
-21.7685514634 162.324112717
43.047514979 82.082889585
-1.17455282658 121.501029386
44.3090695232 180.723427696
31.1218129776 239.162535785
53.1830451842 261.453437017
-33.3289418875 162.563389431
-22.4273110075 109.659881301
20.7410083705 127.316288929
65.9105480694 25.8191055277
10.5114780073 282.110067375
64.7700405291 66.7131403005
11.3570011876 221.696203377
-11.5952029532 189.235797206
-62.5264883253 315.39917659
66.0634478903 258.059982232
-10.1681805914 6.18549956752
-31.0459649288 102.349010726
72.6940850383 78.660439276
-30.0765381826 39.8037044803
-40.7971934619 126.228524394
-8.06657343587 353.798767627
-25.3208857207 258.820345364
-6.85852601889 223.629874759
-23.7535060114 87.9895843386
-52.8197577361 94.6064998558
-31.7951737101 225.125463757
38.5251099934 108.820258177
-29.1895684329 356.735054988
69.232897914 203.148214434
20.36327205 321.891799741
-14.9193315058 250.704118006
47.7240286583 122.980408568
40.4690032005 31.9627383598
75.2805578097 212.866453977
27.022418632 185.907703507
-75.3252817455 136.599906293
-60.1182029736 166.762615604
-46.7875193754 199.848993283
73.0442707754 33.9350110406
-28.2154209219 70.912459142
18.907734571 329.796147262
40.7504009486 103.880498619
-66.5755764614 164.734228409
-16.9922493951 130.884346953
-20.9127895686 149.938546405
30.1905903362 359.787634953
-22.9571008283 69.7956872533
25.6504468218 255.736264385
-77.777628011 233.142088145
-18.0967970784 323.60283054
8.98258084726 301.104792783
-5.44558078602 327.057109609
55.8670782984 65.0983169165
62.6732484117 340.208870621
40.5911742731 265.986225174
75.1011609372 160.832776227
38.1026247257 128.959454052
43.2994644512 19.6387417771
-35.346073691 175.875732897
32.2919627058 215.475297019
25.2293767474 288.851752312
-79.5038121937 320.991272373
30.2166880028 349.773082942
55.9770197437 131.592839382
-68.0789961778 77.021288667
20.5026180625 96.1398896559
-36.2285245293 223.175215287
10.0148517933 226.299925221
56.1678630626 320.314201948
63.3730804934 101.415862238
-63.2985642243 153.78375874
0.631434054977 56.3750002169
16.1948050747 303.950518424
71.1164363107 272.98512329
40.6496688882 60.4629511684
-46.601403218 357.724574561
-27.9370454601 1.18004408606
-5.0477061639 61.1208657526
-42.4301524504 338.405145891
-34.2290218519 323.868470083
11.4223754023 297.623672563
-26.7377464183 140.960103234
-38.7177652734 213.704858786
-61.7556942791 279.68103481
56.5430756263 48.4313124243
16.7977783763 61.4558075544
-56.2940153066 327.632001733
-12.73869446 16.19622944
3.48019228572 228.25065171
0.0315440142866 324.6457224
47.4403277605 242.650974541
81.8839848652 14.1887461029
-5.2242908704 261.673284515
-57.3015759442 301.319141335
-20.8201340274 148.283224347
-56.4182720556 108.077738944
-45.9495280614 274.275314563
-54.957467755 225.88774506
-29.2207257214 195.33889117
-30.3062588786 197.135144903
9.32483628627 301.131923672
-25.0524264566 211.797108698
40.2883801126 353.51176919
16.1025515161 326.092683044
44.1445844387 109.670056726
35.4047966132 219.057159411
47.9153864105 79.562083573
-34.0600888796 24.5420123587
17.1375340267 297.897846498
7.10910550185 331.990010477
-36.2213515006 56.9251587159
-33.7525320427 106.545286424
12.8485926292 50.3939718623
55.0878922467 184.000782583
72.7386716684 164.367914218
20.231260511 43.7316100491
-30.9289770874 352.275693853
19.8891340607 240.11614829
16.5428964941 107.553959366
-14.0572651611 44.8719806372
-12.7831461444 348.400890475
25.2332549806 224.986834067
-73.1580081393 276.855224103
-46.522439354 89.3346337046
38.9795621841 175.868782885
-3.80998352883 7.88508070958
-23.2764517223 31.7317171236
-49.3584827669 92.6910783018
57.9798054853 166.877373457
-7.43578747941 258.5169678
1.00847947911 331.553793698
8.08605535028 350.145665355
-49.985987578 174.27868669
7.06950813044 244.361362218
25.7601146246 280.713686376
59.2619494271 213.578407673
-11.5598762274 346.214138937
-38.9056518119 138.92109031
14.7052271005 120.651912927
-7.24189272456 358.457335359
-41.5129676511 123.985838308
60.8937264303 135.112227499
42.9105251543 232.863047345
24.3714572538 347.203629186
11.6793650528 239.912503628
-41.3342693489 191.767844108
37.9178967937 239.476949495
-1.68572972684 155.811629699
18.5778600509 132.468588082
55.8767786787 36.3381527415
-80.43207338 17.7170946155
12.9691052332 64.4742902656
6.42573516627 285.537408004
-20.9939224938 58.2558283606
-69.3487674251 207.847917209
-13.4036105927 22.6325908467
-21.0254082587 272.516245355
-18.3683493294 136.279893579
43.7892823766 344.40162389
40.4691360093 166.840773289
-72.4924577968 133.294126912
28.4478619054 113.436705296
11.6234572295 282.882700357
27.4101131544 254.048283225
19.2669570615 156.981804833
58.4167819886 309.708821074
-56.502661816 110.96294829
12.0553365719 250.420582935
-5.70232610046 283.087010733
21.6948875107 175.399974546
16.5987507165 19.700875701
70.1636244701 2.37724575671
64.2894216926 19.4204265797
11.5816420486 337.923332537
-21.9147752671 252.62441027
5.63589527639 35.9870293928
56.1542638206 322.990869909
-20.3230937013 263.360917231
-49.469364819 235.229391269
-63.8390402577 336.100453821
12.5061240553 231.495483925
-40.9242343707 263.993565912
-61.9854049986 200.083034997
-84.1187004437 310.397912703
-3.17604480219 195.740851709
-4.697176055 326.173239005
25.3912589055 343.703677324
20.8004137783 123.711795397
-32.9525407117 276.266518122
59.8956983713 14.5820243592
-17.3885988104 357.86263957
-24.3321996978 319.408544759
-24.1112397501 203.842958465
-63.526460016 257.596370609
-45.881785002 269.980028579
-75.3373431921 319.550937412
53.1135743145 277.908603381
19.5355300158 289.661000658
-84.7264934563 333.199865377
33.9695686578 4.09576679091
-71.7187048739 337.965106936
-13.4929811132 327.320288593
18.7538707856 164.66212681
18.2641157228 248.189861421
-23.2356053173 301.209111761
25.3050389783 108.709284655
48.2715813546 230.994817152
-71.3079019873 213.032957833
-40.6663705638 12.7699057008
-35.0324533543 220.214511987
-10.2049004034 222.638080285
58.3978822676 37.0386166176
17.7075480572 323.597627946
-7.16532367447 87.0706107311
0.201970678112 50.8967213491
13.1811482302 145.389524689
15.343304041 151.080195813
-23.7598076768 220.543514051
-18.0331559718 167.252279185
12.3188617198 153.352185784
-1.08366954679 147.116585255
19.8805127087 325.708942153
34.9382960067 128.170620883
38.0596839914 117.207924431
33.951774301 200.570483372
-18.6338668676 169.245012583
16.2604996303 169.10064097
72.6952383096 287.538258854
15.7708710153 227.173128694
-30.9057063464 233.58162431
7.56800396038 329.52105478
22.8066930177 145.297570925
-18.0639487048 267.120037174
-74.2888307701 318.492908619
64.8868881215 100.477345532
8.53589900894 204.219236297
-29.4815893978 187.043465895
20.3685877321 2.84035187885
-31.956348548 121.028942656
-19.9038190223 103.864878075
48.6030843008 218.363262035
21.3912351089 48.4752513393
-52.0920129479 281.284572427
15.7280740419 134.946003179
34.4626823386 179.473027376
-30.993243947 56.5097154935
-33.2135780748 250.226916682
54.0168455304 298.49898275
-68.3670891309 266.000535911
23.1885263662 231.752842833
-22.2288601948 205.621722135
39.9438582137 251.26594229
11.8632465671 294.25193378
45.8718707308 224.742935568
-17.3053867258 300.33569782
-27.6301016215 170.01433647
21.9371064991 4.29526313337
-18.6488598214 23.1973343958
59.1837126563 250.522356354
-25.5769107976 293.3690019
-27.7664048959 329.307750837
-27.2332842617 45.9323764463
18.3069199674 148.46825629
-53.5787545241 27.9433243921
-18.5159450872 48.0482725794
41.1576578918 83.0758043027
45.8393149385 48.551336366
49.3433510403 107.936565516
-10.6308405039 42.443910979
-35.2378426348 36.394899978
8.45864066492 157.760580256
52.5689646495 298.895239064
42.9046166893 123.614441426
16.2619779286 266.448979559
68.5768140713 182.930977997
52.0852918175 11.2767011791
-27.5075406079 282.037230618
39.4297748973 3.88777530719
46.578379312 103.653098077
-2.30433324472 345.431698902
2.73063147265 162.676094053
-72.5842255351 314.484716772
-11.607932824 36.0574210677
-22.089603354 146.673015804
20.0116752722 36.4251687273
54.0644070586 337.960336805
80.0289564816 118.080028895
-15.2415358479 347.525629318
71.773582799 110.841346219
20.4474494188 6.2820187671
-26.6143519558 214.768376503
69.9424279343 172.603583442
46.1883289971 78.3230015645
17.3619887893 116.724895431
11.8381273593 5.54778659438
-35.0989826913 150.038148675
32.5804754803 200.325864015
-4.75377553419 143.4687436
-22.7399254002 33.2914764746
-57.3456381391 184.912075265
-45.6080655389 212.094478644
11.0204530509 248.528336266
12.4593358432 295.211310437
62.6871837146 246.859385449
57.704436868 53.7954361387
-47.0243691363 95.8961607672
2.51283163131 28.2669768504
6.37426812087 238.910264737
9.28164499092 206.03573069
44.4445834358 151.675378322
-34.692749409 75.0040466937
-42.2469994891 160.479611319
4.23524742717 336.153673386
-88.1982187386 41.6073751347
42.0189607839 167.943129167
72.6209952648 131.464607449
35.2141028538 301.592639007
-21.4069344138 231.106651557
29.6117138914 149.287386682
14.2012862191 50.7076071794
24.6824971222 182.845943614
36.0365674421 39.3095408075
1.52979426274 211.950271065
-69.893632405 221.175331414
19.9873881743 42.2531075539
18.2198016294 60.6355968734
-30.2370643696 160.184278526
-65.7171196895 187.858354389
19.4519540853 249.638651094
70.2876272856 271.228870077
13.6897918885 282.293819703
-48.3165093094 234.48477849
-80.1916215859 179.563611196
40.2040477835 293.646668403
42.287147409 65.4599032617
29.0755702095 341.240393481
-25.1793127012 295.845813092
3.87385346529 6.76018054021
26.3540183263 277.068884534
63.1539529123 6.05681594882
-40.0543156102 82.6696918482
7.63568630786 28.4266653127
69.0862092621 59.0173634307
5.058560344 250.402613187
23.0089352275 144.43593421
32.0143397455 162.727082168
58.204544872 270.23577678
-56.7514759621 67.9676663586
-9.93597649575 125.60995622
71.6570701656 205.955549295
-39.1076223273 295.473399285
-7.57966483626 221.017932668
-17.2852037598 171.125450355
25.6503405565 6.85425104716
69.587261719 320.899253207
-7.44595719081 195.000282074
-20.462501382 181.888662441
8.40783970936 40.6762822715
37.0603741316 53.9592612641
-3.89933212687 251.612547167
-51.2938827926 282.800527183
-52.6989475663 212.560298068
-16.3469621778 135.79437775
56.4002502043 254.759361496
74.1708212889 128.204863386
-13.9237442756 77.1858831501
-54.2353002587 199.54557082
-47.6666494208 243.014074129
-67.3664467264 359.469978907
-24.3704763685 153.710168382
-49.8646082393 176.851476487
-41.8936702536 11.0376780519
34.547566329 140.693090448
22.5232160759 279.080151455
-30.4881074281 18.2168217632
34.8456002945 305.612021535
2.26322605126 254.91252139
-18.5291642298 58.9595084105
-13.6663099452 213.300251795
-30.3961454095 281.471314208
41.4037853058 260.993280323
32.3439546315 189.032182313
7.77912182447 276.200531934
-35.842412635 34.6556080293
26.2368396534 42.8618788498
-26.9078751222 140.394242477
-13.313852097 52.6438990448
22.5439580143 148.770708084
-59.6806428759 233.876212446
37.2719515052 131.932325787
-23.9817293849 243.30254955
-36.6321043689 23.3319790649
-40.9740132367 227.872522477
-45.4601550962 30.6562390834
35.5016027005 135.95097282
-58.1143688332 18.5172149302
40.7691004715 176.178863873
-19.768116726 154.551869643
57.2916725334 168.911810723
-24.9761919327 33.6710577137
-20.5031557682 57.3286342884
53.7092376796 24.2187760649
79.9509821805 329.708901735
-49.6774010828 114.969276699
6.97239603029 359.687948235
42.4554505346 209.179182174
-38.2356476586 175.148261655
-58.6597089434 357.905767084
-26.7489995668 190.052552628
0.705295389115 341.3470684
-2.17738879875 322.598948025
21.4687405346 243.654980835
-58.3434393131 315.611047664
-3.04799508171 287.749388992
-22.4350732167 117.06093056
28.0417905513 324.989667354
32.9379425492 314.285995791
56.8417748938 195.40444582
-53.6694336908 207.618978844
3.47760280897 239.882390934
-6.38847459378 151.314928174
60.0685785289 187.944962847
8.13821173461 11.6975588636
-40.808351894 341.654943761
-27.2934846003 124.881065907
11.5743615539 7.15044066966
-77.2181347228 246.409095837
-49.1244590774 173.4028216
-15.5145227464 86.6394464571
5.83706726985 150.381422907
-61.6463845834 345.293529533
38.388336642 140.478976112
13.5497644992 136.742659576
-44.7318802249 351.458623766
11.4852602433 319.0787368
-34.8340425986 180.212752833
-4.39032977877 218.465534582
36.6075816197 194.234805487
-30.8680310953 11.5904050194
-21.8417426343 118.999112959
65.8581949786 242.604662091
79.6997371832 275.963065798
60.7021049991 53.3636788656
66.3647524602 314.880107392
-31.6457666087 269.709524818
31.8196055199 281.332469001
-32.0893593922 291.167905551
-18.5933606979 97.2932869371
-35.7302803774 342.729253162
-17.0640912586 65.0081553059
-39.5527819031 135.730347257
86.4071347297 165.05623941
-50.5467870021 286.541405955
-34.3680983167 223.949038017
24.4676932692 308.552505126
54.0059644662 314.621095442
-32.5836591595 48.3820077088
-39.1449501752 283.728715235
-74.9833717754 289.350270456
-11.3942657985 69.9072932745
11.6969634223 102.286941301
-37.5285588157 249.833468172
14.5844902291 130.866685306
-0.263920276521 293.227190401
-74.6696302501 99.4740327096
-2.50293452926 233.975244186
37.7323735178 101.7026943
-12.9031061214 256.265787693
7.9866694584 252.085098156
-9.72896002888 114.383205429
16.7096784127 147.530764578
-20.2699211539 242.248619004
-30.1858339123 122.324699644
19.7958183592 203.821849371
-7.83249919365 236.438756805
-21.6976421365 53.3190286615
-37.0614741111 225.020972617
11.6297871646 65.6625620942
45.9655472529 339.678626465
13.868450848 353.400543299
-21.9994554129 211.908064012
-48.2528196472 325.788119401
44.463040261 223.387250028
20.3726477629 78.8064666657
-13.6007212809 35.1334721966
-10.7543351177 321.558238882
-25.9973500431 106.331316153
50.162257888 22.2030801868
45.1740313372 320.493738324
-10.0846262299 342.739827441
21.5215154111 299.269622018
0.526106970281 228.792030474
-3.29258864103 134.10420649
-18.0124223361 161.725825234
-20.0020381084 69.7451146216
-15.9098536597 93.3965670613
-9.22159451861 124.293471713
49.9164468592 195.116606024
23.6252938077 7.65314674624
57.929519224 60.6133793454
2.13159466541 80.2649556233
-41.8566885749 21.1184385537
-26.0370678224 84.8013053686
-15.4310381598 163.075987647
-37.3275845957 152.576299986
-27.0755561447 287.112233662
23.4510065731 93.977608464
9.90671546096 311.440940024
-54.3100749379 226.609281304
79.1196715597 148.625852818
19.7788943732 228.516261958
-32.1005018943 66.4941887449
-56.6921554096 60.736439175
35.5428220647 303.453223756
64.0069098992 163.015847693
-11.4288345671 175.676612149
77.0418914816 145.199883301
30.708375366 286.510800423
21.548136839 252.756169537
-34.5483073198 353.223535272
-37.506766801 142.530992493
-14.0762944765 110.05259579
41.8101371029 189.03647242
21.2879664471 276.416489963
9.3970411961 257.358769995
70.9784179572 227.588752115
25.6586497453 305.901862503
-17.143931017 184.999567993
1.92334846856 166.933814838
-52.3173538705 336.030260282
38.7703896495 133.7929607
-24.9918439624 321.317151693
-20.8502914359 15.8074204083
47.5256014854 218.36582792
45.888489113 292.758728315
9.1336123908 157.292121483
-6.78380014988 66.8348539038
-31.053150184 185.665933961
16.0028306891 266.387967194
-26.2232207876 69.349391725
-2.41324603529 348.117824747
-49.3657123618 24.1594026382
-37.0356360939 304.191071049
-10.5035251644 55.8955799741
-68.1497692257 141.651004762
-10.8705658468 85.4426734511
3.61754185237 249.691383572
-35.202931612 67.0892221096
-25.9923160147 350.644440832
49.8902650725 152.904553144
-27.5610312387 30.3631962665
45.7840509252 175.563929796
-37.1260157757 32.9501047777
31.0685309528 95.2080668657
-30.5636183642 185.969660647
49.817261729 196.701663258
65.6045231729 49.9322528669
-12.6473715558 166.143261801
-32.5410178113 114.308956865
24.2299668947 126.650474838
67.1647594901 182.980376694
9.00617542484 263.752165107
0.5098352189 54.7350492749
-44.6910289568 174.956032432
67.6923346212 6.34428925647
-0.706036924949 210.738111316
5.4070977587 67.3445799393
-63.143095748 281.383005675
-21.2345369653 283.383704534
-17.3489028954 159.350624995
21.8259549239 235.307683926
18.981749491 69.2423918446
-8.38765622966 164.737532604
8.58925224078 152.171204679
-67.7131612416 34.8293737964
-71.8305673905 162.952989355
31.6269400162 267.573148487
-14.8911329052 14.1282535137
-79.7814747765 148.896427562
-26.2403159219 204.276794803
-50.3343502926 185.504347047
33.1993389041 199.305510618
-45.8352251864 76.530471309
-6.70010999632 3.97140581574
23.0001847919 325.302951732
-30.2743989385 266.775475853
19.1066199363 272.023616132
-49.8727884573 299.604952799
-32.0152719263 132.741857477
-48.1480046025 266.029697879
32.8739015791 27.0077765464
-3.84421368241 88.6237109252
-33.5919672588 312.66198864
-13.6687894759 219.22187249
-21.5409269737 198.675474473
32.7897672132 119.374135046
34.4554761075 168.85443329
14.1809790032 317.173442576
-24.663382001 190.458762267
63.6340621607 293.103004154
-23.0345710956 76.4368175137
-0.338974597741 162.583730444
30.8224194955 306.406114373
-21.8907436627 50.3577114136
-83.0793526341 152.172134528
54.9321026827 130.672220454
29.4676531983 239.136817942
-56.6077941323 350.913611915
-7.22181974394 359.61131309
38.5527123842 20.3672679716
14.5570754153 187.217636491
-1.51407763368 294.794943304
43.052893791 266.884675425
18.0985639634 137.141468542
17.7492565736 322.852271679
18.2724727266 83.8133013104
51.2206681413 163.99432572
49.1937398816 4.86705583107
35.2233215067 50.0369071041
-28.6633635784 191.345804615
-48.7111227987 180.850734365
29.5612411487 232.037506421
57.1092967908 134.862357071
-57.8767052933 208.539908816
-39.6661256966 231.074102579
-72.9346655886 28.4633594522
46.3710363449 218.135626617
-8.0796975824 354.527566513
-18.6810773293 287.996408935
-27.627069695 322.184167506
58.4490996698 358.651247291
8.9477298556 236.871721774
-51.3309637953 284.45875132
81.5524752316 232.32932527
59.8851468534 175.357271675
80.0104476776 157.560041646
-76.0809118166 345.082591586
-14.4717050962 166.025781457
44.0370019171 326.406941866
-12.0056959243 284.182133221
-22.4708671368 180.094438935
-51.1399667582 15.3771517985
23.4149122755 19.9085846043
39.4462554454 257.648169934
-23.6631966909 347.712343791
12.4103567965 327.188773768
51.1658683466 352.668376951
-41.3370061997 260.334536259
22.8074495676 103.457017857
30.8932111599 256.263658623
4.23272953518 175.344182394
35.4784521248 75.1599189025
43.3423016229 250.970822755
-0.283634869026 104.382959275
39.2218635253 249.846407517
15.4949821136 202.532393378
-20.9822322824 57.3857382217
19.3156338922 311.519038396
6.26931026181 1.97411889122
75.2105856557 279.38998412
8.10785060891 169.826493916
67.0842615518 195.443464468
50.8125813163 153.967887365
-20.842874165 214.375002992
-9.79503220208 311.346111501
-43.6143989501 206.220128518
33.8284070099 159.822152616
-29.1052190281 167.349112205
61.5511508914 51.8198773599
-41.2838352458 222.132534418
47.8634617367 185.311392719
29.9321441652 96.4445324741
46.1755025638 318.190193901
-35.2333962857 178.865932457
-52.2295536001 38.8387731966
69.3306418052 106.015627615
40.0961211358 91.1566313667
39.8732278376 5.67670035735
-42.224828506 214.451475601
-3.22907172688 153.113194954
-15.4583583772 157.120360407
10.5985335003 42.8495359272
28.4953731941 88.7027472653
42.6890407505 108.757033495
22.5452511303 322.120410736
69.5665562478 172.953362258
-34.0618894926 329.103956573
-37.5034858196 31.8509450497
30.7684354737 267.821809073
47.4592663629 108.835247246
-43.5648357455 323.129182527
-24.7379889983 163.088993293
-40.145435646 355.369027755
1.21968983115 17.6495227334
-20.5796868716 236.552083337
1.90565841595 239.861010523
34.2214751356 134.232735893
-17.2280451027 108.229984963
21.0019325712 267.289106969
-15.706390718 163.756137731
-8.19198165469 300.817618279
6.7468657092 269.439180532
-32.0753889451 160.65555601
15.1357432513 11.3629260646
54.1134002242 96.3929820304
21.126882501 210.298491413
44.7076753603 99.6233323694
-23.9392213179 352.053635265
-4.18990529393 25.400322638
44.2866794526 108.012565267
17.5399804003 271.216369477
-27.2451518789 273.863648152
22.7929033743 171.752062842
-31.2989665497 66.4597549276
15.9012314713 230.641457611
53.5727237613 314.16673092
68.9345768819 289.680599137
52.68307278 345.728250737
76.9574682891 340.631615846
10.3606343479 92.534312036
-27.8383269858 106.250487341
51.7314752792 272.348505202
-5.67929152072 8.17387772672
-42.5504419086 35.9299679138
17.7025978654 132.930452728
42.3441818817 331.641814512
76.8108615985 123.090302335
23.1425475576 71.4822204066
-23.9127843081 335.082285729
10.6092976507 320.56564401
-8.94121097618 125.096554545
-51.3258633606 332.063289419
-14.0037954916 34.1921297394
-44.3397091372 4.4182494898
67.3582654826 110.754742323
14.9303388983 115.568541822
60.5113337793 217.476099187
-13.8942284876 248.538464367
-80.0703246088 284.812504247
-69.3682333208 4.03988682866
-2.53179300833 140.056608365
-8.31765045051 159.8385017
-40.5229127282 303.007613204
35.7073968965 25.7314590571
2.73262099217 126.125487325
37.8488440242 28.2964824108
-78.5047594466 245.276032846
-46.8551893639 265.920611145
77.1086738865 95.8988627099
-39.7668886576 193.011232906
25.8209085939 187.188918911
-1.25631244187 320.805423631
-39.1770844241 271.661965802
-47.3079173813 100.415225894
-26.0273857891 123.530695843
-5.23957650095 359.256451868
7.95145014516 155.18120757
19.7871939353 36.1834116045
-79.814933181 55.7019744223
-0.871342901608 261.002033507
55.0936221145 244.192074891
23.4416175218 111.762789053
-8.09812905038 14.1541032997
-21.9503480804 78.2233468868
-19.948632241 168.111098441
43.7064596489 221.820660272
-1.89105252258 248.185502488
15.0880615937 317.170756254
-22.9963625616 39.4801036916
-9.57476503732 53.9891799561
-4.09758205257 134.252739531
-12.2411851819 28.8080648196
0.0949605039477 217.095432793
-24.3211209661 111.238164356
-18.5005691527 198.924385576
36.7239750319 85.0342635959
71.1957436935 107.998316669
28.6599989655 236.553801545
-0.04147359269 311.310723512
45.0068353406 189.001810651
-57.6338464603 153.908898474
46.7744254308 354.768259831
-14.80771906 59.0321825676
-68.5559739494 127.978915109
9.35977045534 120.487475304
81.8444594228 71.567404193
-78.9909098394 119.721270128
-57.5969398728 358.359026527
-26.3386514671 230.379722728
-26.5792055814 3.91055157267
39.3373874625 264.420441394
-33.2253776372 37.5259065842
2.00015888166 64.0584352008
-10.7233855503 27.1969438088
60.6290572918 92.5723899303
-41.1427025412 280.689048303
-3.04932658933 198.413243948
85.028265786 157.566988641
-29.1195218162 27.7043055641
39.4415797747 191.014497424
40.9696988419 92.1294194039
-80.6518471194 352.368792358
-73.4430277773 314.340566346
5.2587104316 43.0845516482
26.8234039915 302.110049266
-25.3679506257 307.174477434
25.9843437723 87.3749338063
57.1727112571 314.692687269
-16.9960092354 19.2795597256
-5.13488639952 196.735748709
-33.5734436333 50.2242817464
9.18245897992 19.1862730993
-14.5284449114 181.036775786
50.7339463603 318.033250392
-30.0725892562 358.040243006
15.9370507209 293.059325555
-10.2620300069 281.322769982
28.9834913027 129.940536711
-62.6463623369 148.828579302
62.1882427598 237.527291377
-32.676957462 331.376995326
31.9682909161 194.48368351
-9.17169164711 260.09763829
34.5793744457 313.882985657
-4.82732871287 277.588731056
67.185980353 114.713815123
-45.584883367 67.0232687817
1.1595472896 235.027481479
-28.9746239766 327.695499061
-28.9547358323 6.92499075421
27.3822963917 171.672679861
4.48038816437 185.679240082
-73.8433578578 38.1136575918
-53.7713036369 53.202492174
10.6140985283 246.118831287
-0.342414907877 260.828901147
37.8023252512 43.9888988669
-2.86898567625 185.053302444
-2.48513998253 117.242916426
-78.8924112732 90.8110099153
37.6183865638 27.8832568988
-31.0247539079 14.3783261761
-34.4363438137 242.909898267
40.4050735852 40.3711633667
76.6153970629 93.9318212433
11.5636055174 150.274363194
-35.7902963249 52.6989852682
-16.9003062204 51.6910080881
15.0419828345 7.06093821412
20.6153233338 61.1068985311
-25.1666142199 149.97150856
61.6797145486 123.563052638
-33.5121993023 251.011139927
-18.8607464379 204.453257655
52.9025479509 42.6997630325
-40.3710282703 1.39850213819
21.0196379241 84.9544715293
60.320947773 125.792663454
-9.47312266383 249.300998118
47.6425130316 264.841939683
-21.4482583483 82.9966881125
-12.3462472321 230.978360024
-72.7077803123 174.879299783
69.148498409 144.933533365
11.3750165103 16.5846367632
18.0856902408 145.848000577
-46.4208480467 134.589892546
-12.7328054569 201.612134795
-18.8250847073 59.5907424009
12.3273386817 148.905189422
27.6699989891 291.123908654
36.3800088714 334.989173962
14.6206006558 122.744263614
-4.01918285218 256.634522609
44.0829757972 50.9557301197
52.618722993 223.924352906
-71.3850926693 25.6388482471
-12.4344703746 186.448155328
72.1512919367 24.0089138801
37.1740886912 359.057002138
16.3052273033 214.1532536
35.871533858 43.6063134197
-8.2688405215 138.816121509
16.8570825977 96.5378329452
