7.671391261411835 105.5742623174507
8.231113282547764 216.32134243321138
-68.81462568750491 178.53806393201265
-36.99693262107189 303.7613392730704
15.507646097106539 311.9880896056921
-34.29053401655808 240.2569056902883
3.9159236345105923 189.27509257544324
-38.94531402086616 158.59200572771462
14.664436769752832 259.2038683714382
-4.212521504539288 148.3413898585633
-57.051921629631515 236.81210818239586
70.3512511660578 169.49722080868648
27.572601844166787 347.67951106032143
56.79309925735041 336.5107596339368
-65.27928294001576 325.434073733632
3.9215838735019632 311.29310553571224
48.12076691997619 201.16699841536342
-58.13796123027254 187.03681246594428
6.355408198817971 270.2921106951892
-18.846743972138377 125.63018141247179
40.618116830935016 228.6492243336022
-44.521540914963914 255.39343980212797
-9.735743387415889 112.40296713387794
32.220951519778055 358.5425208179369
-38.24322960777096 204.54979707377652
-31.348967828288444 57.77406008647422
-41.0278845103546 228.5048993901124
52.57294981234484 226.02038102833424
28.035902232002638 339.75897185997235
-70.58078104676534 283.0929639881874
-38.879663494274446 162.53880743210607
-23.909119133905122 60.49524846548624
42.731044875921576 7.181031255530188
-5.9866435564500815 33.342866185847846
-6.843725119184916 4.942446760669551
-4.686771364417975 251.48281662154463
-8.528073540949789 10.369840136772911
23.02999959660556 261.0753537227769
-58.35762769261098 260.76140351835903
56.39650891131954 240.06870624681332
36.09819878245018 325.0358917017155
-28.90294412173578 332.6276080223867
-44.97928979501421 152.2903748448652
15.335890513718416 221.31882079450835
36.12966510960311 110.1348159303447
35.328915359165784 156.83826620398733
10.749219042622673 265.3906067727252
70.0296478602762 136.39162972631675
24.99925980975648 319.60332048973737
-7.153779039637657 199.5563538650572
67.1084861160154 217.8449781127781
-51.67695796048115 358.9925948770045
-21.69386963747807 35.2983801253237
71.13816888544227 24.537608682358677
-13.60938101897075 145.06128260844113
79.22337738176516 266.36459446119665
-6.2383091432661635 58.12173861975253
-2.234937683287805 42.18723627828668
-63.61211331883472 17.075002046310235
36.21544986882072 35.31605565740191
-41.02187422153594 320.4540685084549
46.74539208105804 121.29252340191503
26.159618092967897 172.42903772558674
-55.606308879501775 158.80470362346287
27.397640759485334 11.60634841855146
79.32579974377907 36.67650382166548
5.333720044882297 313.34464234546556
-39.49222418771573 109.54355480175131
-9.82665172145602 165.27620031019143
-34.1623529070989 202.0385849788268
-75.61609194696663 216.63396247332895
11.339144997151468 93.491558863974
-27.554779285892536 161.2244429508081
16.490836026931007 359.429069857382
-13.733636931824698 165.0541157419354
30.76354562450151 8.140234657948142
42.69880065918243 113.14386300462263
10.373602891867376 42.15912273967742
-39.91344245790844 157.28864301906626
-64.73550566614833 340.676531077806
-35.56911876225176 150.3264766488019
30.949904362164517 136.577286717891
48.461490941288424 51.827854974476814
-34.791313108781175 185.57019948154718
22.38398032845187 79.291871879794
-0.44401710913305364 216.29503790886875
-9.523026606744162 350.3523866282823
3.5866911869176112 236.17817750920437
-65.87926876135444 24.16613089648099
54.69467007768118 114.26262861680549
-8.228283860661865 25.71646740534854
42.075831307132944 115.25055675637681
-57.45545417197381 292.842408931969
-22.61407374127934 338.0231425138174
10.279636567289517 46.726366336936074
-24.321651015438302 232.68595347514488
-27.854798863950876 234.51107109768196
-77.12520997498369 35.80293369126187
7.550376579095473 120.67336915153912
-78.05831612334322 114.03679272280466
-44.71818159231292 329.86007904402487
-36.10887808666335 156.34758901122936
-49.85200923846843 82.43764779419308
-58.732207113694 191.3006050400897
-38.15660398731735 148.3275110818056
-6.188469598249065 255.12240230563881
68.0614550892149 159.58030447689427
-8.41249762509647 81.43730001071896
60.55040140890642 114.37401584234131
-36.38000459701102 264.153746159361
27.22234105279906 223.86335070289144
-22.403158801358373 129.19507526522617
10.087227530180156 331.94520911360814
-2.0992365383425717 285.7692429224621
-7.121606839132094 163.8598466308778
-50.16023741483113 36.73841153973677
5.096065259756436 142.08411135063318
-24.293877996867568 171.95692269831358
62.82508441695171 224.64431522127933
-13.712535493687096 48.44784832790144
20.09136419013545 304.1316256703085
-12.808813746102068 193.2062501270183
15.447678380040202 123.75191737035621
-6.752247645022371 4.254103460911797
-52.39982807941909 244.14793271063962
61.21088120048279 76.75219033136058
-28.037161084984223 16.207410204425024
41.25425448253315 215.89124020749216
43.16994947134599 339.05652507052446
-60.69689856310203 145.4627734345229
-9.041697563830697 74.13255124717473
45.267859983781335 243.3538714629638
-60.007146537174386 166.8077976042825
82.08497888150694 119.47481020712883
36.930092594656855 323.4141436821149
-27.910278431322755 321.83818913573356
22.062192236129434 160.61906028230925
-12.204517163685468 143.43303248727966
-28.284091336191338 242.45572129554054
-18.996807047390746 260.92741222122544
-61.96406834877952 15.655289281303943
-31.06749706181449 10.672217471732797
1.0242103008083183 149.56080334236404
-56.03288644405949 142.57007241836098
14.244329244177491 51.214787504018666
-55.857949123487316 313.466053473636
-20.921271124655718 242.39433573398622
16.957464490924185 213.5220616235221
-24.914187181477075 101.2332122438239
-53.6233458172497 196.46905578656285
44.55593719933181 74.82124558238174
28.69851116551417 68.4469660369594
-54.421140410655795 168.38412243822336
-5.178115222220303 340.11316934477514
0.884786569910835 292.8452517655986
51.69544327792057 184.65063523781333
9.736915456834755 253.59018232595963
51.68758504206182 319.4150232180739
25.077595878275417 314.88424421273214
5.178479158721281 11.209886291668406
33.38880233634769 248.86993563459603
44.73145016707556 258.8289938846552
-29.997504610754863 357.7501159198563
61.70784943245465 242.24909507270993
53.49059817036926 254.4823268893643
-47.17995930631035 230.6240162350145
25.72449749659181 123.02457210632535
28.307961830390003 25.24855377271889
-39.285715335921154 41.74373452728275
59.55056837062509 202.97542234666886
16.829060850604918 198.33068546713014
-29.878430784414757 220.31536112245104
16.289972719557337 357.382721387895
2.345861991833435 25.172747994816053
-75.68401489587801 224.81196744696715
-38.07881908321742 214.02838005570976
59.880240110830265 130.87677769891118
-35.852081181188765 351.58278063875036
7.002306879066797 279.297781369204
8.221748707207835 113.15107712243608
4.269068698167228 217.25314797945984
3.3059752899207377 272.9023471024825
44.54039996361676 260.47702617985226
-28.9045094055882 190.67800575446486
69.42649659677372 268.5311554454423
1.565535398992514 188.7188199529068
-16.062148022457365 320.62096619149935
25.96317809924254 13.365163007650091
-14.343444779024992 76.2682770940654
-60.18700359232027 236.0284986555088
-33.047364580019654 164.7412024124574
14.455218784818268 311.9269577705208
43.26412749326372 236.34545571632307
23.676033341468553 26.151382157165862
74.756350319619 296.75401195418243
67.86360770152018 194.23814792031874
22.59952078403579 300.14964379925306
-71.1422008249353 110.77035227936975
30.947936909966863 86.04520599062829
14.393766694127525 270.47374473352545
33.45492291889443 143.58072635115468
57.0280957121596 355.6600799410421
30.56946248872008 60.24908248215652
-71.28033289830437 43.97748447936202
-35.48642072685422 260.68110788609454
51.05321152732862 11.097984436452707
-1.243460048385006 210.21559954940884
39.15574191216002 40.15596925499959
-48.99371318836523 79.64680365864677
46.05510371050254 335.0155283442355
29.726145103662464 171.66563997313474
49.30044655075967 205.9515764966567
-18.48005535366703 120.00782215533403
76.13126158051566 59.67691774970072
-68.12907374053628 342.40958482017385
-10.311184779184163 332.5127834660186
50.23481457123589 284.03518599930555
17.507427503485452 126.24541311713467
-44.966634277793716 56.686886212620415
-58.282841970288736 76.6655607134731
48.64421597261635 144.88098784719764
12.080964898090523 222.8946700449733
36.29583166487412 155.57228855520881
24.702279348392686 281.52910168757273
-54.18954922700048 348.1180046661923
-3.046246291312695 342.49775020912494
-0.40902007405158775 20.46733719574797
-15.091584195612148 288.413961809667
59.37257166311335 128.3649292113662
40.054655180687156 172.6389978907502
-39.92054933767966 274.89407495009897
-17.009870228937462 201.7608246423103
37.0631706618171 241.7230965481967
25.57094034946169 319.3838656081486
0.7647953469015539 140.27945871128156
19.992120940407453 8.792116366238718
-75.15911223307583 255.7430466307737
-2.2069530019720482 131.20757056628952
-8.375876418243186 314.26955733468566
61.7639412851186 224.85484781712617
-70.2735379711368 79.27333166344549
-61.546009688301 151.4704112281329
-15.12685346428993 131.5915737759298
-49.96980496989388 354.9501500156199
-66.55319022146249 91.20942850136241
11.121079854544053 238.96203460651452
40.01697973751195 267.62789354321757
-24.98276630349343 266.17078810754094
23.176842969187135 320.7781667869507
-55.77414140020803 30.026355825190656
-28.24805047810337 207.01202136846044
32.14158702708413 16.638445014702043
-25.126425915132018 322.97689314256235
0.21348243440675058 267.7329702281257
44.490101501118204 214.12917496252348
55.24915223147701 24.802859185422253
38.55572575773716 339.0487968620998
12.338291515774223 309.8696198495105
-82.13012279298839 227.26303557760426
47.21362916158061 314.1368682218076
-43.71003412686862 10.024044633369893
23.43769472234026 199.85018784711616
86.14745390646536 212.18209250987115
-0.2151669329497198 7.97001334062773
-23.184187045973836 298.3669297096825
21.722846153842443 115.50004645682476
-23.52181125261292 164.82165877548107
-17.9575527807959 35.904967014754355
23.0381989990306 102.03588335561626
38.28608754707023 254.24263641318566
13.857827641012348 92.68718529660384
48.880581134544045 101.38706958769055
-54.7698221705311 45.97946596629969
-31.586999115242016 266.78046680324087
45.02544256919638 186.1352945776765
-15.062754592284843 276.89953833821716
-29.454284022390564 47.84713787170581
18.971786334364683 68.04294661039894
29.46195154909669 126.08442850688489
-26.107461717233086 175.39204380873406
25.67508270261678 56.947115017259435
-49.72770601470042 344.3832161131544
-41.37829962870128 157.46737768105365
17.717515772294565 149.8822449466308
60.812227439617196 309.87487069043925
-26.079700863997417 28.924318016537214
7.710927831730054 129.50269320276587
13.213145276941784 202.66378648218748
-48.54138898476782 144.35057305216765
9.486839375070437 196.3148011456982
33.042595128653545 149.71361298982288
-27.797016598259418 354.3602027364704
2.660893243428225 348.0940309306659
46.59220500633354 266.5061410284406
26.137604244283335 317.7054162863107
-39.65456064031091 274.4547388097758
-18.467927367371704 230.07496425533196
35.043446025568294 343.20275841037136
35.945954106699475 200.72858646550085
28.02917974313334 315.49055719908625
-22.531609235115123 205.57272823258623
0.5866494761765741 252.5552425737414
6.989286014919294 145.95938879787948
-63.01558564489982 108.28300229753532
48.96944402134199 341.1633870025249
13.238995774944348 98.52358452821915
-15.21977248221024 242.53546983147154
-18.385973914577907 177.17913852643576
30.327126948747075 5.932615642066777
-35.41668469107227 5.8683586551920275
10.92483766292319 103.0425890571852
-78.4891698560497 40.57291623223228
-75.36204819197586 227.24451572950287
28.09544035754561 74.13918674135186
-62.907348170292984 15.779392405448354
-7.528899471189978 246.24650397366543
21.978702998237342 225.47387279314668
38.045362720986276 164.38055093931487
7.04167787357864 157.0311363161809
2.705524875554627 251.7551348341578
63.933459335893005 191.4245872075935
-30.943878735671838 225.8891648306131
43.32721433017507 160.46042496899332
-1.7150370748462518 219.99770724191714
33.780621025099244 179.77757255331497
14.485215659940327 88.33407488529906
24.79014935985414 252.07516683832324
34.44735109795752 147.54775192254831
55.46161529071833 313.6298927509678
-43.447128465662274 329.8417381530923
-20.60997025513584 268.8483621622851
-75.2134929017785 268.73242058833085
79.98732427172195 161.572149411468
53.43451162165124 140.91184038649016
-6.180031572631714 189.4953349669757
-37.925842259464794 257.18353394105884
-3.559977186971546 331.09374964060146
0.7026888998753028 256.5398049359537
60.57389501161188 16.693305950772437
-51.521850565574596 165.94197675114208
6.374918492356446 25.058603530945074
-77.33419659538936 182.72768513454565
12.248206182559723 192.756335111936
28.740190784344804 6.7655252703376165
-53.00867771471096 293.673748546192
-67.60547327636853 104.41545316876655
-53.14155468259489 136.66601831506006
43.295831968034626 39.22651941234381
-17.16699281805667 186.020985116261
-57.4953842173085 312.4860524659345
-52.803945259781294 254.71625612264853
56.954853993869804 58.37837699228724
-2.072069758626309 166.5215982257842
-8.756608690726187 115.93171746438261
2.350589072956092 29.28542686689195
41.65188682210045 161.38121912178414
55.19591340522763 349.9026186329029
-3.464392670921612 12.855454578301869
-42.61149903603143 246.9660396678335
22.429713343410622 174.81639490849864
42.33713041108004 218.47500921136626
79.46906649117683 112.59183823234486
68.18872381095488 226.00118475216325
26.821685047972238 116.58754804377556
-22.18055892307591 52.57974173580996
0.596641505600693 134.35137980179056
-69.32330888311567 274.82740649492933
26.662625254867304 264.25403893648604
22.27069345531258 30.77643236052672
43.0467317444045 163.63898062577968
-1.6783344746989566 109.17764249568758
-41.62303837041616 3.780798425793169
42.3710085629132 257.3452317668422
-75.05181542837941 186.3540303789896
-3.26013908559303 275.2684649855355
47.22308481181118 54.872562762961635
17.457090604723458 239.87940477602265
7.684722142016105 303.0687703335864
-39.124498464169825 255.77830429397378
-48.682703884810266 140.96269879394208
-43.64344969990857 336.22343985580846
-29.04757319745229 149.5336873838601
-22.920150029480325 255.6010979890138
33.70667398634714 357.35470867314723
8.827014403665057 28.17779953981758
78.66584483134535 272.6556588970761
-70.60730431841773 178.68524510473955
-29.425884015965124 111.29353039605397
8.737499315922067 243.52635395451964
-35.10780309883985 184.19918898966762
30.024934446811724 208.809020948837
52.8052954232213 1.8949832189697138
18.062577612371143 233.685822399597
-27.932636239503587 113.39777705771462
-68.39965010069243 148.1759866976343
30.82205495551418 8.972337424552007
-41.1756448807442 346.7606489838094
-2.325979675077335 47.817829032986246
-8.774468735918457 2.70354327920693
28.753299932675596 130.24026802440665
42.02462208796077 198.79606307687666
-22.681679674848528 282.2824501083145
49.406514108960096 319.7776441363968
-18.673883752856117 330.0444717784147
10.241474604075792 283.03144977385443
36.442106538604286 127.26738840975531
34.147092479707084 332.49881241215587
5.932223721417979 12.724869035662962
-56.925807500179964 136.56261429062403
-58.71701511830991 36.50805636368973
1.2441575452965827 221.9555495332133
-30.177653129538307 239.06287799005716
-31.526958531689846 159.34073978670236
-26.460396156514687 55.41127203103381
-16.298654574927966 155.13692135521399
-62.3469096955335 201.5353871177897
54.151402645349606 157.19128710556723
-24.575976680357773 257.600415596527
-69.90625192574234 219.37837415351984
-44.45912028505886 38.22935685015237
8.737279012686184 82.75253875357674
21.744592094945126 199.02867664408757
1.8018528837089098 13.047365092801964
-45.75640167347695 56.330918305797304
-67.1530484024801 278.4813163493856
61.7723333114728 260.2907932359999
22.581246782477617 281.61067107046466
29.614082053987104 343.8065478469034
49.29225866173194 151.4735350522276
-23.42165248669377 341.1677250987249
25.72190074841291 28.71391127551694
-18.849107265039976 11.500151676620627
59.17187563835845 139.79989022003326
9.802491765759852 199.1292422516013
40.513908680700986 178.60627661114594
29.439156179497207 210.11664991532987
-52.84998300766957 83.24626479887075
-13.012935550456673 341.71722791964476
64.49643765219986 343.66961003240215
37.69669841945701 139.90452480754755
15.225035635496637 238.10715274927256
-16.792179913633163 73.5115304823377
-17.589039256916166 40.88606632382388
-55.212230873289876 198.36201616741442
-31.17395210165531 25.53961090491356
-64.99672338334551 290.4624961007173
50.13294879451636 214.11000319418514
14.191734479167973 141.84759524590962
-23.31429647591154 174.8051430281569
31.506156544916944 171.64626546029248
33.66751432004829 86.61327100966258
29.93548483488614 40.29289825841516
-65.05964127675738 286.4316997745827
71.39062110245544 159.57140929615218
-53.952145766407995 156.49441385182146
23.727265632691125 15.31243550754965
52.74461369918002 168.20161972362573
-6.122584100794134 15.894293153936749
-30.3674089197957 257.86892979397925
53.14560142558118 209.59408654896666
-35.56777381060543 344.7631654550018
-76.61526200892409 222.7002491882679
-43.66316888332216 345.4065329434086
40.45060293995443 13.326706160926264
60.478046344776835 314.4119788738704
45.86580443383219 232.70523346673463
-26.31373548978621 129.15529617024248
32.709246389609305 334.9172228284635
-61.90039431147541 282.180623365597
35.74448283987828 248.4320389120558
17.229659901069713 213.70003971068286
25.457787870801162 173.07741625884205
-50.55708578514309 220.2662931625228
-2.0301012681049646 169.0214121190549
-4.7742982333006765 37.9218881784341
-16.366538610227863 259.9983673609262
-50.226658973847776 256.26460614758565
-17.325447449980388 342.5770272533179
71.48949605201616 75.6890505458582
-35.79960250536494 32.590153703675725
82.82530974407113 32.99452544576567
8.165991909248005 119.90089081086056
-6.204485481903557 3.298597082593603
46.82024793737254 200.34625782300628
71.14212579785577 209.45167770455052
-47.29320537267349 240.65195168085992
36.44534240312463 165.236387884883
-71.70129482315991 337.2021374954615
38.64899568479017 287.4376774082456
47.38949257633573 38.154912534494514
15.889409496866133 146.77456357044719
2.209530292899203 328.94089017220864
-59.474897816236805 255.92187976149071
-9.26106463724874 249.17088072738815
21.77821719271808 296.0808321506761
-25.958335579315943 188.62316835054156
-7.566925132930472 52.5830842398256
9.811892880208738 254.23172901558797
55.095356937149155 291.0949225675416
-37.03938361812474 19.78142632835794
15.95874800564472 276.6657188822346
44.912423729255465 323.3226917108137
-53.73989532113835 17.549879414892548
74.24551432138792 20.496890358900707
-9.286747996783388 46.19227708489671
-9.768776065524067 215.5431156500612
14.805513976645472 81.42040354063381
77.53123893168572 52.29837710357417
2.0781278109230596 112.93965590244441
60.945354778704186 13.593254483477148
-43.164733863985646 342.26805156997705
-0.7192752814921443 67.19684180360417
-36.41851621443942 194.72714021008102
-71.12568163252342 343.3880117154073
35.95869792019305 289.98763379563746
-48.1904834064323 91.96911228107886
80.25984021357918 342.371143049859
-16.30224310156636 198.64512305648643
69.32187921770607 287.5605851113887
-41.41253547136301 169.73212492284992
-16.17091327500181 220.78767558999888
2.7836772359402153 277.29479875229697
-55.614293481044676 242.94144171946232
38.54934712057259 287.5443535857961
24.316317629080007 53.0924423682293
16.12489918508982 290.44770569840824
-27.42553804538205 297.72668248998724
46.89365193300429 236.024589014635
-79.39459138720045 231.2278125412681
-28.931912132224728 209.40150774177727
-0.7535036356345025 248.10598220914846
31.39609407688488 163.18704070650574
-46.58644081407528 64.84695925916044
26.1546258980576 301.858488444403
-61.684005458779026 229.09076160578118
-4.565141678308698 227.35931554854105
-13.064805973744583 181.1289669876341
10.005826059004821 358.5084489938429
4.760342497753398 53.76682063521489
3.5841294869125 98.90104993694649
1.2924842791300932 240.69652118484706
-49.711693584650696 83.66556660099313
-56.411248090522356 149.86811685289706
-52.632660906546626 254.1370501151738
22.97405089179638 23.768255102195226
-6.134096780087599 261.48399294836776
-25.142613081329955 11.323169170151509
17.935588666692798 163.81011348026226
56.51567096483548 229.16868074710408
40.68601795126097 188.55371282023296
3.2890625375995066 72.42771714681413
-14.583221536780494 25.810532510665208
48.71277044403117 322.22754156053935
-0.42265433147904746 226.66912302954333
6.564230663463001 61.522944145483294
-16.910309356305078 20.26213625644869
26.739017380988326 63.810258744676005
36.56744369847131 5.925331098208866
35.393693606189764 289.02124674162224
-54.026308076492704 279.58553768303216
-54.58845490449783 104.03514302321204
-31.101478309247078 103.9081244892936
4.109650635987087 101.5258954410675
-2.9350061275691033 352.7251419476266
20.61382892186688 49.698976798054105
-76.61986769000951 297.5116769091964
-15.785235625118926 312.8630919856644
-20.911661588655484 219.81331360299276
19.20241295103381 231.6146572628723
-19.91795263785443 347.7805575939042
55.76130916720511 242.5025431736689
-6.794318553065697 88.47113101206892
82.12224826755049 306.95793212295706
-37.20495440152846 180.57946753077425
6.642078899692489 217.04511438869545
-6.690902179630129 31.685557548955128
27.763834763677053 156.7524607850728
20.258360234241813 55.61674865973196
10.979896074028733 359.6346228072364
55.3047513453668 227.9669778394202
-33.245920550952114 25.678825178189143
25.106933863126397 264.31846740603277
1.0087193760565587 230.71555093942334
-53.237345642723085 77.48909058631098
74.0565827991115 329.78025323632215
-41.356075748924496 149.9672990061094
19.91777310471945 263.5116339298718
-20.56660873701191 201.42787332186668
-24.30804949515642 242.72453387115092
32.84728910844779 306.1914944641477
38.90139900172233 226.08168631205996
-6.200657040435892 13.680062814144641
-43.335842602618115 189.56943498859962
-61.21581322615183 326.54395592007916
-25.012364938355006 116.0427470264585
10.517266314601333 179.92457740846146
-46.62184424602078 67.57436409355478
26.580353085921395 119.88640691031212
67.76546047590294 149.38783301898937
-0.40991391075039485 297.6868410117883
-6.851015126828307 323.53214421249385
-7.815463219552083 239.23499014425445
22.633709939620292 320.35101966246987
-64.19089266302099 61.984797217296006
-78.7203142487387 53.81645425389896
-6.169576748608504 350.37527024423207
11.865745856758934 220.94146848023783
73.25670164658887 174.70021798636637
-57.67255106385441 274.9773585680052
33.75567846448947 31.74210448414964
10.47031747196067 275.5402296962202
-40.47330222005956 99.27649289031386
0.00011210599076099749 44.668524361895244
15.652217132803482 304.96247493306566
17.027940701614416 273.5567376508858
-60.06829126648556 196.2232344387292
-3.595733260402549 88.92039811135221
-25.32824303434172 33.49409687363675
-13.501900344094917 190.95119513005378
-28.938156811714236 293.5615720149133
-3.2536815738562495 313.58901161183144
-16.933651745752048 151.4334581867642
-21.830585737060638 341.40939158014464
-20.295111383693698 104.76936731879466
55.77888024164457 124.66828543970638
44.33063138991345 293.00568208243527
-4.137553713248653 314.44228339822826
35.98840711604511 37.50308863197578
16.54384364688241 354.37529952687413
52.04025537642466 351.0587659920326
-12.046526326512135 27.037134320421877
2.9728036234976405 300.5931675944799
-62.0742656674236 204.7836401714697
15.381854811637048 20.471375105960853
-27.443937322324683 359.58691179779265
-38.69082973139466 296.46935135694116
-11.2883966540725 125.80984804656251
17.619995936447133 312.0811064569232
12.417228820926248 194.69232323235772
49.21769326692039 193.83401105607368
16.95360292339536 215.01880174552443
-23.482738677348916 119.2638560040076
-14.870231456985355 240.2023883716328
-63.73338109211863 106.53800846900253
-6.370940964296777 191.37389126249684
20.154474467513474 230.784691681014
-39.664451343161616 82.5130092693967
-70.3777636619 300.4635267833924
27.783771584575724 154.47543567094195
-9.141774051344543 219.06572927113024
-30.438606734122757 330.3350485770214
-22.86240865423437 279.74127804741755
17.549471760251304 20.487279224468793
-78.66066366971461 99.4014608363878
22.417148048101335 327.94152649315276
-0.9502543413034438 327.9313026651721
-60.728046787102244 18.74727599602404
13.935776956069802 99.33379975704844
10.528216108748458 170.32604189272124
52.27898988983217 166.69863188222115
-12.240503918767677 293.4351007313794
-22.090220391779116 117.81261002968668
77.00489734212535 235.26707527879572
77.09121230239487 29.003189900711092
40.237738646929415 71.88433684751378
-51.07084661297906 355.08666745149077
-61.20347865606255 161.83666276609628
36.481637372576365 265.09900804966946
21.545452626817216 350.5317151108328
58.684481449366395 157.57067972307954
-53.235388626899365 219.66772642573508
-69.80179297418283 346.3486823553929
66.26459808899573 82.49300761203503
-37.664524201061234 257.32822409649066
47.36202909486845 116.27665269312328
-27.693227358146025 28.512212845157958
64.0094305821881 331.6056408449755
-24.600824519580854 329.69272115513866
-19.109026168019607 335.7114514209057
0.774439394845201 30.853180777466775
-13.743219711261187 165.8356063574004
-41.542563981273425 212.8761169977029
-32.819269016044224 355.03544525641735
-33.41714428195774 266.17152872861027
-2.276563465987502 220.7602343988216
-8.61920480263359 262.8424160395208
39.078783786193455 291.25237948925627
9.823170431759436 186.08850096661016
34.022932308880385 336.1246756363374
-9.78875780014383 257.2412688963109
17.586158641390746 157.1854124610006
-23.677333572346036 162.49684463062303
46.43770621969845 32.63059566932506
53.863319759696246 81.52996553122334
19.0764082321027 209.70313577819954
24.61281235868084 148.95732922082433
-56.716303654404314 306.9270168583841
-11.673147830172352 15.625928557352658
-70.77032150689003 154.61107290093142
1.4693917046949103 182.86195602937974
-41.44568385351278 233.24660759614218
11.05438785997095 325.05208919149305
22.889136349535153 29.149968676163738
-72.98021486942706 75.19210550399374
-51.86597802329294 87.98460170298698
-45.94215768303689 217.80093226598515
-11.647358900337755 318.63427062688083
78.53207311321498 305.317025389894
78.4616179888794 256.52956247666566
-9.820289993355148 79.48232583771316
47.60999271315576 51.39155565965081
38.61615212977125 45.98139697761464
-78.79209943620775 166.79765969329924
-17.248542424751633 58.27125694783723
-27.684909496251162 218.47395140178912
39.129319851837906 330.00891623401196
-65.29538063267997 235.64251244039127
-24.88830145285356 285.18881658450425
-88.98998440880396 287.7938571006522
55.04739635851625 152.4773533843612
-15.9928047821936 21.726732741807425
-29.638892962527965 139.92037026953048
22.016555066488372 16.30906684527258
59.28106823605488 75.04840186650551
-38.50649179140634 11.30280978785874
1.4858312528826332 139.1867882946348
-47.74267151218318 195.36427890437008
-66.68772702972518 267.87384815654246
-2.253668922006989 122.8115165284481
45.83260182781822 259.8182256065621
62.35321152886148 210.6896389435653
27.64029162034385 207.41727829370404
-45.27445916941172 279.26267953994346
-43.76213313173393 165.2945108619498
-40.98822706796978 214.9798927763576
-61.88104162638629 155.07163605852955
5.6319160291774155 24.689179675911376
-68.0092152778552 93.12601986909614
46.261484987136576 287.22677191209317
19.799017323198115 205.19995550415027
41.343148639489314 133.55230481163466
-34.95666413522098 266.1061426936174
-7.491725225414364 169.00306029338512
-35.70039205029102 20.862544547528778
60.93118177288414 140.19241252499307
-26.849107097672814 177.97075101161568
-34.43565835585094 126.62575242024408
50.08639040216083 282.6312960273886
-32.93652382161992 216.3736224628308
69.41677639377947 203.87007363664836
30.904929340382857 206.8471825541585
-20.978930504465982 241.5162375049236
-14.270099738086198 256.83920065961456
24.336345512921287 193.19546579738522
11.257586009782225 34.16492912989426
-73.47889220273956 215.58666189421018
36.287950880212534 291.58196069397275
42.64982043683002 73.17050171947945
-84.2947738697044 80.08221728309823
-24.189934174988206 71.0233675502092
-53.685258439248365 343.99521912183474
40.181880996991865 107.63761756534407
-40.6219066356441 6.272626123595987
9.308506844322057 148.12096925580784
-6.288879512214221 100.36785372973112
-27.352864363755923 253.80172280188717
-68.13802144008461 24.32039680468129
6.039599600470771 126.66754379953319
-23.47961907404944 134.91940609580604
33.02442588870229 188.44058067382642
28.746393228925466 219.82772001194593
-5.733015702083656 19.8428378272229
-51.27061740691672 242.19350317385155
39.783825633733564 144.64729598848564
50.17265404041814 68.73794703643723
46.607333776391314 81.10316160273152
88.01004986992379 98.08740280774192
36.02944694434013 321.73020006513383
-54.88292294904594 234.17513523831403
-7.153432803221969 112.041517633441
-54.167475749172254 95.2345390513612
-63.42864883615138 200.02691851701866
77.74240015851346 140.11628843366273
6.415713645895928 243.17872218804226
-3.3800249184034836 43.36041883508561
50.74925741029902 14.000919722172528
83.21888550121135 206.18478530918813
41.81537129483143 311.784290956704
-21.1605858271813 181.93089878200183
-55.89197427825256 90.32766985084676
-67.11362011535672 330.3968649607279
26.63461134592798 331.0509314078513
-5.048461855683341 278.32421467681183
6.701618033038967 117.5307253902487
54.64116697666459 302.15822256099887
6.820692417542859 58.33517869915569
24.961607091830874 167.24292273302228
-61.508152436032454 101.80714108822424
76.10865366443193 2.893595575582103
13.16409526716128 165.53284923271278
49.493947576384 334.5691246150823
-20.050892071725492 49.90935027987658
-22.837720097386583 316.06345247784964
-45.41222525094861 111.82389044375402
64.46931525343705 334.7542698628924
59.82567445757866 273.7130518837156
2.557528583253606 281.73137565485376
13.121573446115384 209.54300155611742
42.82811652053211 356.63726557456374
6.460655815236735 218.24397428923095
-10.547887442883164 104.7329618226015
-17.890003773723556 54.81353943223981
44.06313835360475 347.90016692582134
23.13854598255625 108.58123936933822
17.552049589546368 309.59530128192876
6.54701931655952 21.28638275738323
6.853791441504802 221.05685330130373
16.334695752122183 344.7179607554105
-47.17087736307729 15.510109763114505
39.55154880610169 53.947089267296064
37.7203551665428 307.82445886031627
-40.66128494914477 307.2876471574018
48.93192044766573 200.6541563336863
-12.308603834830677 348.3907291507926
30.347574226916173 10.324838674972897
-41.372394926150115 16.880977091148356
-8.166898462068618 31.311341947835622
55.96533582178293 78.86156213117225
10.708178201744191 70.71149995294847
56.025021031634104 223.48796086940627
51.57698824973093 286.7594038075261
-17.15036446852488 117.16510127567314
29.963780553764064 9.738281407679514
-33.949337422643175 58.01351799482553
49.192410869970104 44.7337132995056
-6.106175435621025 160.18405595519056
-24.97599715599679 124.75889286318869
-61.65498567855081 332.8559968601887
-22.64448805475657 13.687260650885953
19.590452363282278 130.94274323506448
-38.25767098634332 209.66518377897515
-8.43695776862161 38.2855137076334
-63.412564868131035 350.50036579765083
19.907868009596015 252.37525531164044
-12.911280279913514 100.33995638663801
32.35205803300408 315.67477637966334
1.630515024559392 124.96357335483333
-27.792294207714484 112.36656127658601
27.285547992771438 16.969358726726103
20.427487307720867 187.6437028278291
-14.866211124703693 193.95015691253718
-30.591626638053338 51.52954329826343
-66.28261677218148 194.6268215552842
-31.894149246657022 252.88587174911677
-22.703120171980526 73.20018125627799
71.47717140799304 325.3644010091253
-62.06708748535816 222.85704435618445
-1.9291997797814717 62.478846369303085
-26.21666645325397 244.13862580796868
-52.575668028471775 248.43091532886203
-7.148339042959775 238.37340161948572
-33.7638480738904 79.13307508272804
6.5731737902094345 220.40394490547743
-38.499765647106095 167.32421334847976
32.39169777191776 187.94996211165287
-35.05924426112906 51.06805262408635
19.95028860372326 178.75668719372777
44.9564324730439 166.79555171719056
72.16791997132215 249.5779176172744
-56.954031641017416 103.82558721616208
22.097911780435496 277.0330846843994
-47.08858198222814 44.7275385195581
-17.530622288614392 111.52955870145206
-14.515668487896333 126.50749030857601
70.26428998095014 205.50671785197056
-58.8990886722769 102.95510625313615
28.434398742423735 217.760058125113
-15.380490653714494 261.3201251551236
74.62628906413215 46.72404813407957
-12.442127185558512 128.42388473601363
-25.64749138735447 315.8916311123286
-44.11008217847817 71.88077446257901
3.589126886453996 250.47806837550976
-48.574300757330384 117.67783301959152
-16.884352665826107 180.09056593561579
62.63377206223905 241.72691844954923
0.690771438137555 178.31190023241814
-52.01001191513939 212.69802522005062
-84.76832493791487 119.51670377926794
-74.8105609918161 326.3304969781594
-28.664030326559438 68.72356722400015
-35.03811434107089 32.20212962355944
-52.21614088481038 21.228256400723403
-62.20122180820496 294.90883530276693
-23.696068829273006 82.44749211031248
-11.241902587021736 134.20292564270395
17.707922917604105 342.21492599388824
-10.388315137996093 194.85077074042968
-22.70619369891624 316.1750205381641
-8.444535168495955 82.11746331392683
-51.16128180911619 335.07058776672454
68.10802298855728 181.343195564596
49.38069031629486 168.75114116024093
34.667430518773216 36.15686816923126
-16.96039427758485 131.2797585281704
-16.56674153289279 86.66295139899174
-35.54274269117848 18.783171650102126
-67.16029182494202 179.07146479523772
-14.030018994118395 238.39013060434115
-35.88692344635012 326.38594855703485
5.690816604566129 174.89755906212454
-45.709633025924276 225.21783366571736
-18.661755742443994 203.0148716675403
-24.792874611048497 264.53879016318547
14.182771561904854 262.18776723938794
62.06751151376708 238.73074590798427
63.84247313342195 303.3090162554618
-5.741845507361668 319.8842966116045
67.37229161883144 307.3403313269122
-47.64094212373396 2.287811100593616
-41.253427750234806 123.16494349709637
31.467661962295217 126.72393384349792
-61.055751971312866 50.93398018024668
53.91819373532982 204.516824531886
3.9001627532791265 206.24462538725342
-1.0899532281708435 116.62639690032874
37.35984127794027 38.42004905560881
-40.266009843624275 257.51243274732104
26.471172788950785 336.917386154104
24.21628574229574 146.6720761714707
45.525372623716315 208.53007362557852
38.4576259279125 5.043284934652646
-56.880449131707884 157.7415166669307
0.5315115004288173 310.9974890526599
41.181900300411286 244.13771633727416
-14.920420358222763 171.33714980328747
-16.33771409295883 240.6951819169512
-20.092129531498898 40.54256351936899
32.22133464291694 163.9699786709872
73.57188455903487 115.2257355375322
45.290118804533805 310.06419983344335
2.7269436525682273 138.9903839339872
79.3829321848354 265.33425201190585
35.604815720512796 294.7274471861479
49.91575077842224 182.6680058928059
8.911719570340598 227.50980842207903
52.87687450655414 323.8537002782826
66.93265417015488 120.06185862245977
7.668164990256704 263.5446883058747
-12.663389860978345 273.1546161392213
-34.079190071450675 81.59797840093813
4.906886887029452 116.44764802972907
-6.900056605356177 45.88973136806323
8.250430959280969 321.7557161651389
52.80623551129576 75.78113490939236
9.879850264817678 244.26163246571016
29.603109900213223 92.45001309197306
-39.34370986464295 159.13843593548376
-45.27438710563266 308.51894292805207
75.76974162314139 55.283136784916955
35.669663346787424 347.5883251550334
-6.5773060804958385 313.89970694812683
32.89549500211814 322.6145453870965
77.41886605780493 308.7268050275909
10.540991884744011 345.588704892878
38.88789760051786 140.55961018320383
-8.808799603184939 142.90168790600848
-5.037001344549823 354.0466958192221
-45.35796484608578 132.0659085805785
49.18980326751973 109.30144352693253
-16.69233643369838 21.618102721797364
-22.977749144785186 352.5833164742237
-48.06279730612216 185.1589632291236
53.18632341140595 1.5065425966079247
11.734679530253741 238.49176892411973
5.022619719721936 31.913025680665623
-22.717146203110538 111.89992141161602
26.392642241190252 101.45567169866106
1.697876640774667 307.2140979235213
32.918047363026815 135.61225661484298
29.95333316127199 344.86875177842495
47.690738782349136 13.80069222222453
25.930662165581037 116.70979572368763
-23.471995954976865 249.5183029321016
28.124461341888775 339.25023852312205
7.447337761451494 334.17319176107736
21.83927690053041 37.74011779399433
-6.764064266772166 211.6049026966312
2.3154991488918757 154.10536182071127
50.17917247901151 282.1073536638992
0.082883415525012 304.3308770290663
-1.2531038521167972 82.71785741243967
22.435503038642665 152.10868363353882
36.44101576087509 219.52127562623775
-41.03570121233512 192.59534020640987
48.30649776233982 324.55199835383405
-56.28680303484373 249.47072891755658
10.946677111962314 71.74621347123684
-43.73365623391273 180.3425481270239
-28.536998414923453 197.8521001081835
27.469452499715896 31.869447810176847
3.4783403355986326 309.1087595043415
33.22448167883752 320.8046598295331
5.503242659529586 294.209690466569
21.440999789362817 95.60155092253866
8.556172546789746 25.40565115415329
46.257097001677586 342.59221136395536
16.159576463464173 28.90010292918333
34.988758005159085 261.0452880991537
-75.1854020356121 51.69258739388996
43.201543193217674 268.35593374191626
17.616009751914202 337.5923155566922
-47.75651205956808 53.3333906959882
-31.96739025388374 327.3471236296869
-1.653005295406444 182.060572302252
-0.37145448030702627 48.46846803325121
-67.21415816016098 131.88149159134412
-72.59130803531893 5.01460459985821
15.901749858377611 254.6182671968033
-62.773372679003096 105.34079352159841
-46.02216344595024 80.91886374804639
-36.569563653464925 144.28364840486472
-43.324320954333686 54.6165806422591
0.20615437445108742 210.54343849964084
48.71069735212808 79.94090191396474
-1.3150683375418069 246.86375363750756
23.043449799984682 125.66681644021706
30.903876710676798 8.509391391192136
43.39681102133247 310.3215857034885
-21.523911118981005 160.69436928365934
43.06137660793521 351.7128388883541
-85.45151426912946 243.2094866454497
-61.44751454298077 285.8604753199355
41.66788460005766 274.5508327660343
-24.19595728417115 230.69642458263036
-9.733232479997811 47.50737359584338
36.233774695672736 143.88610852165098
-78.84849800552928 340.0034215359836
-41.96271385771812 275.98950392439826
-18.057852373650764 296.6118118907818
20.898434050264814 289.3015167576271
-11.220163816168789 303.2490446924497
33.43490525872781 223.77077477239882
-25.57156561803909 94.09134764342375
78.24167142568658 26.246958678150186
4.201502386552483 81.6863836679617
-77.28992780763639 99.47363834765306
7.819548702169076 231.98657215792605
29.426794196504485 213.8349716721645
53.91676957253242 24.603250075835795
-16.477646888558837 143.2334262090841
6.098181197689308 33.82696191048251
-52.15194589308957 165.54808361877787
52.41047699920938 31.554202041498844
52.748348814260204 307.97660559568874
0.02093927550413413 128.21300672401983
-60.11422341072137 248.98439023974925
-36.2146715022046 257.88988124103895
26.033369161225 105.42896093820812
57.60938592262404 154.5778066859415
18.21523455766675 165.60660791581978
-35.97204054103851 308.89145134306136
-28.75251605406904 48.99619323790677
-10.054529396939527 341.56128274782765
5.422795562763544 77.39477359675364
-35.300134304678934 351.6820497123812
53.06261549097947 240.0976281803459
-21.58444035654156 72.42667324553085
21.14844880487046 287.6761676137968
-35.808149663946736 288.91700349767444
4.49529883764155 70.16872345272202
-11.083052054302023 16.79482306334721
26.901017220336076 187.1848050756745
-50.38219810207946 220.12054044792282
-42.77888376211853 169.80246910788418
-25.591565927766187 276.6257163760241
7.018251759947132 223.19847268337583
51.40043864324059 200.00779248091345
-59.236061956744415 78.20261796359823
24.50098819115418 103.77068110799804
2.850471982931703 31.509137581153873
0.9090052170205472 0.11062493205212678
-15.854157518016565 271.79772473360407
55.93525164750524 79.91472709992765
45.92827368756369 97.43715165065163
-29.67875208933729 94.32670035075701
3.655416179121708 302.09121264828394
34.60846820415569 343.15203704976636
73.48767359821825 25.97665010977331
19.072611746151196 130.35522249454024
-3.342095576719304 266.68839140389423
29.152182026252753 162.30277806328775
-61.6383127288237 143.55714312474808
16.71098541884861 211.289302403196
34.121047133765835 158.22794184874422
19.846467190383574 302.09551740435404
-7.1582131702329885 312.98310664315085
-14.311365922832563 132.40929535614737
-52.21630549225364 243.88281856119008
-7.874718594405504 78.22899062357344
-33.41207714757655 290.70892862239486
-50.83972914730728 188.98905448454917
41.00085829067714 72.91061014544864
45.40600278119757 246.5062048715106
-60.145876015816725 178.2917530671862
10.531215097643209 158.5666115419854
38.192765710707576 76.37148372093891
-69.9564045869762 86.82646519049301
-66.59229275887519 17.220734597295877
-25.244848829970035 92.32798087911172
5.421196133458075 185.55072441770156
-20.81455767211747 208.43477813213033
15.982793022309847 35.45404991774993
21.572410838861725 38.881396074237514
12.275941298496742 68.65090602412862
28.880368948044143 242.36644122672922
-47.52996045977136 210.38054207393236
-40.51705591879788 35.788332657827
-31.57294155245316 5.674034270196795
-61.30833206760907 65.86013426933641
-0.9907335592681241 88.78454955819515
44.49748686890073 18.939602368825277
-3.040380783092997 29.681593552551263
58.970797260984455 296.13338401702663
11.544118722536904 53.20193267913076
-12.171749425876069 183.31939190452135
-15.70445110076143 239.08147580394962
-42.67364539675049 266.74388117569845
-32.231307323240266 326.9895931995852
-33.482487445461 4.8822387852574245
-17.64409597347226 359.88660812778625
74.69333444874239 294.5286066672944
-43.85544682469689 263.2386008826562
5.750636935449483 183.96419161119096
24.55395736688987 335.64934389860167
30.14426396848238 39.33109733845769
-30.429095629080432 16.758699404792473
-79.8096325433126 357.33379857634003
-42.14023248929488 279.0829854653104
-45.38565106051675 35.12556154663426
-0.5964791780744573 144.1752444211598
-21.739265999732943 117.53413591872051
-30.144552564443742 178.09426337645908
27.409471639483172 133.4802822472775
-28.558587420678293 73.34246641300273
4.404148171992727 113.92842377812515
44.77385809925289 181.29873243295077
46.60796611760237 140.25862735802713
-15.728984536480217 132.21660360300623
37.28183605175879 128.27243317932354
57.381992875714495 19.913598264550053
68.57830132100163 183.34109190765207
-16.805443542176633 340.76245460711476
-59.430410326380745 144.05380274630235
60.075637597888154 214.83933406364716
26.40481097112311 277.5481333482071
-4.654716994425191 16.49487560338402
40.142238264959914 3.6287788186021595
6.53204738091215 92.40697878672466
-24.74510240185775 243.97943214530858
-43.10431668747777 211.11157546430277
-8.670270220916818 321.1589341534814
-34.25314786880345 297.8963150101095
62.359686095695416 333.0880067155972
16.212427464696162 128.4982207659126
6.727642970895616 80.67238003389743
-22.557585022712942 212.6316087791038
-27.28903011600624 147.39968868313366
58.07963082080958 39.34362041512263
-44.469530321702656 128.93326395599024
28.802472336701882 248.697140069155
-32.80333248712988 358.8839649284288
19.94848629782915 22.995205752185527
60.06396868021587 150.56819938413688
9.41270163124253 317.28634388185327
38.87197254281602 213.7994034164054
6.263473691051454 66.91199041614219
-38.47446504157254 143.3274349936357
-35.11241856790094 247.35134983128748
-29.811186775929404 36.78476190158936
-41.284598915186 258.39683782907923
-67.52533407845364 275.9374151953292
-28.128494725030983 330.08268946733364
-47.44144222232098 148.60566179693583
34.2080116442121 321.4776703367845
42.35181293441504 244.60842760217224
18.75333937206271 234.865998249734
-9.029110755268334 63.845223029221664
-32.402229711342024 198.69810977604251
-41.522497431689985 89.98514952659905
-36.31043993168028 95.06231972853956
-29.136749222675277 70.85194339668753
-79.76814639239753 230.1577228785632
48.81992620841611 94.12917003564297
-0.21721926115900383 127.7444189065723
53.50654473595969 10.565597455487467
-0.7166835996896995 18.696146884215125
52.400504326218204 208.65293384888344
-23.227320103684562 32.37883858417347
27.86031258292734 109.96665510398434
-34.554357686087414 237.00840569284333
50.87050836687775 359.1458640085882
57.93818171432035 82.46837085546181
25.531613908692506 43.620358949220275
-25.985806960879454 39.120008707562675
71.94616526268172 15.697237523726825
-79.90004189415191 104.86604611491374
-64.61352253075917 292.44306163030825
77.8524412438625 299.56299286919676
-20.681228581415404 60.75237454480818
13.73607478367769 352.96563329848834
23.55887588706229 43.62457863226101
62.53779409863836 319.20920940624995
41.499196964496235 83.36363898464683
22.10987227894162 300.0168990633667
-59.448717487248416 103.13823592473078
41.54559777453958 344.0987711195861
64.71311036758158 266.2966473784816
-40.080737572855085 155.174071012868
-33.65711302209613 118.55358573603615
-17.655882157817278 22.7936975843789
22.94005578670488 236.73720280610158
27.234462530303077 49.86827200642953
-55.47854859908098 330.234024791545
13.00151767585549 248.21666077163172
-3.845205426500932 281.016492189011
41.78974485893114 56.297974521452666
-13.372788338839097 141.16515330799194
-55.78321606068354 52.00608249408414
-33.83743187180912 341.63406438670916
64.91579710379905 19.53003036868621
39.22214790155117 90.60104092983518
-73.3138827497448 103.93754811159342
7.6818477823920315 195.9220584390768
-22.455944637798368 145.79706807107186
75.60093604246563 165.61546698007328
-25.3781268679954 289.46477742639604
-4.890200765609895 241.86911373430448
-13.971386640407541 80.95950368580495
60.42818227902361 22.492654691821446
-72.37470170422574 291.10743338471485
-24.724477543444998 134.72876907673827
55.90886204475032 300.7196932116007
20.495215207955297 75.59687354229882
-70.0182227741615 294.62555190094787
-34.99762798861839 151.0187441409854
-23.24039848369671 67.97220405520088
39.12991789101875 10.285989603397194
-6.125531820753599 98.21050048498994
64.45634306667249 283.3357355423869
-55.04877128786876 53.48016256422223
4.27867378331774 180.43758637688418
-57.790277446579665 166.45687628713335
-33.029818100436444 295.15507057595795
15.867446063891068 240.77335000547168
-60.86737341599464 46.973039254093784
-9.44828282463638 148.2956202679178
-25.048456955851254 4.877411454628735
17.806303944103725 299.475043911313
-66.40395227085784 96.66077187938366
5.563200532047262 351.8699555750917
65.54374868341328 294.21465876118225
-60.59726887793485 62.81420493135191
-17.838834639386707 99.34979514168435
-12.55009628036412 79.84655497601929
82.12312690475788 122.89503350687922
44.45468121025322 265.2425546049184
25.934840965997907 87.98118302392642
-12.54276546134896 92.34518581543112
-28.120301344360794 45.71373069478448
-57.81782143569747 17.068744066187676
48.88742780348035 32.56212556843924
-29.820309273543177 212.7004250734659
3.021971148594698 85.68976925023536
-2.959839944590982 177.20846545286207
62.05077419492826 105.91470791619598
-70.7737564602743 128.33748707705143
-28.696853299932307 79.37832733237285
-58.60149515679079 23.353782240030732
-48.9418435137426 243.10884785899265
-31.233252664031042 299.23695556074483
50.16850335498721 274.74347845874456
-36.94390886674316 262.79120409731297
-12.988215380369247 53.74925461961624
42.91757126228907 114.07621831110515
-11.57283722547951 308.27258172490644
-24.683545928355276 295.67742761699134
-41.71848025924996 150.6475890375945
-35.41719375245075 190.35583140944058
41.20828942703031 346.870897895522
-35.92329538636809 343.52951973032185
-23.13773040392676 186.2888820304521
-37.30578347346641 287.61865114744035
13.685100499243605 106.33425986783938
14.470232319470222 291.37131694261984
-8.997716788890052 271.0598481068675
-2.8424317086540407 211.54135807146466
7.526418344267156 109.56500585006664
65.758802984628 49.98765352931041
17.613440602506877 315.8847650881006
-14.291804969867147 62.173760104292164
16.55370714840803 133.2112629172995
27.206452265429885 48.12024222458284
-57.90397127115232 148.9392641372223
-9.200990450372315 28.36421888554739
15.13773901329401 149.60206251505264
-25.461211000647967 153.17640803241153
-46.4522117520215 115.88461921211069
-28.705900607683564 293.89529897305016
-48.268549191964404 344.821465418423
-51.17337309054403 269.2467841529042
41.69227093925674 341.7083098174074
23.776860448329447 311.0471034366923
15.33107780452269 226.4548369806933
-16.904183329064495 222.5724842055684
5.345394626096214 332.74683876948933
16.025412265479712 267.59906329674715
-43.82724375513168 195.29506237656076
12.727958986293112 326.2198614829298
55.27964609848958 294.4212377135825
56.65694560028066 206.176724053734
29.778346028173868 145.7633363501512
-14.607195269114413 298.3438922603178
2.162519700703566 1.18012933907991
37.926872582984515 132.57372858659224
37.00599292674127 53.80319935649637
-56.28329949627263 224.66667284189495
-46.66582618769039 123.98863197419146
32.528774206610585 100.28969176956168
-10.818762536268393 338.8603502736989
-77.24536848167875 96.04269859534783
-27.999540430006338 202.32512236999978
3.4595581712970254 255.5297630333326
0.9857432984918522 276.32616334779163
-69.98846148747748 306.2872502673994
-31.567402115119364 206.23849370790307
-25.336388942326465 61.63314920071794
-55.1083892572084 69.75072045349943
-21.71703244571094 314.35643817544786
-21.933697491605407 312.66443085007523
32.0502932009751 320.9748354913404
-13.832856286643636 282.9604586150603
-37.3591408393893 74.75814628647362
11.785556206416347 103.18650774453236
1.0695191321061488 351.97513930888385
-69.02653799908498 140.4480356061995
32.10431168464654 226.360141134417
-41.8727704666705 169.4738064989488
-26.544058868003162 283.27131461353156
-63.33645713955036 245.34517933168254
12.201763926330308 255.90189474137728
-20.9731041847806 253.84450841787827
-63.01596250733141 323.92457699082854
-55.95518879701114 47.44185121331759
7.581943145725151 271.087900241035
-6.663776197363112 342.49444715509316
-10.977640413124307 124.79851193520932
17.835563703963384 297.6093388431437
57.21095057550557 257.2480782663648
-67.97450107432425 101.5263704075725
-32.42304548137631 186.38815215009345
34.06126041541755 59.7423863929082
-4.228410157388249 200.1278521347797
-21.69036662925348 215.3106509628196
-23.402435131351215 196.08198513645578
-35.981210747421294 129.59746810407816
33.74598670125228 313.5560669043594
53.32530227739 191.24962124622
16.3284429419546 80.92689740062674
-17.835595340390196 169.7606238463496
30.256866219635928 121.94318415247311
49.1559888362584 149.68667866039394
-24.195908135178026 286.25350016858084
-31.795956993189566 190.0991829169967
-2.3713442900320096 256.27756378784767
37.80040615775991 33.70294357444727
2.7450886808624975 130.02396953095797
-69.715367495219 66.24213116360113
-23.106941492644527 294.13991975237764
45.279748545610936 157.70491884173538
-14.745930594667799 328.25548583426587
40.95659224391171 21.070930043834533
66.39841997418846 178.517086428709
-8.398047491218922 132.88709044243734
-30.097271712627 352.9468792210762
-5.927667852965619 275.29334329848496
-40.59715091109357 295.6363438528165
-13.517140739705928 121.95670388703303
-53.54331934551447 202.99004056196748
11.368265056520888 132.45331460072612
41.40274863853621 308.41228088168134
-3.2779204402293964 76.60542131576075
-36.9949332677593 164.478855303674
29.98984567166388 288.4131780875421
7.61238221156887 249.09335801182496
61.233961245364576 188.69229587197353
40.36711790372183 52.084140795402
-22.31274404429548 87.3042718063654
71.44544048226948 276.49741654360736
58.26245617565268 248.88611768065002
42.004139508426434 165.2227622523221
-41.070035782767 289.42901553594487
30.897263213367882 50.16213934514411
-19.120252236946346 224.71770433978966
49.01456249199053 170.05684624486912
82.95924735118216 310.74877493057215
56.28523454731568 136.25450552886932
2.6893998346686403 72.609716156184
29.434459817361077 77.48471023136528
-23.514236820341086 193.96288554195752
-65.71642232982762 209.8492494766369
-54.705934394296655 29.534307851826114
39.042046068078264 105.70528416279527
16.60087935320235 217.07065527129785
45.45542572688805 5.048403893531044
-31.38534465454975 141.50138531661497
29.18318742270677 153.204031462869
-64.33520983965713 196.39528995257604
67.75046566749342 285.502610507212
66.81074782755626 134.11770452266103
-15.591752621136354 336.4847111508037
-17.513582543469415 221.36056712280669
58.408996884984305 330.46206547515106
-8.591101014413628 251.0951161368873
55.13546111873587 33.00314593624293
30.968091055225347 44.84272976099061
-3.303625183244344 197.49248123952154
-28.85085583961828 52.95158033313755
-60.218975333001545 74.03007824087975
22.060955226487692 329.7152922792247
-55.18178920168142 291.1285884830252
21.0346184412379 234.78440315427835
2.9203690919593828 333.53832200878554
2.2741850213373436 35.98429779664651
4.174103267047346 47.34317504271629
-14.937807162356927 105.25507672086776
62.35754010285294 279.80222493574263
60.883884746752784 315.2995987130931
-55.9970693716647 354.771440385768
48.85442352154316 168.37828077559723
-27.69443734495929 253.0253848033614
23.898378919791707 109.48886619766407
13.622737402897693 319.4493158030468
-36.2835486765025 170.5386657333183
48.256913455418015 71.74922447548157
-18.03276702948295 171.0166438670933
-63.526279443394806 261.7894964086307
-39.40866515798584 56.86062192376321
4.662045485423785 101.75493949831689
14.675956222702354 121.63006564416936
11.747106749875371 271.31970681847747
19.2222216640012 102.55244970837732
34.28285372938424 217.1203164832396
67.88351811131977 126.07407050162516
7.094323596124556 92.21863802969662
-55.403115229919464 325.8334143324274
-49.64686348935684 322.75646993511896
-4.99459974127506 346.0554174555258
-28.806457367056314 11.960364901343485
65.11766605800793 219.50710618198758
-50.90683589562575 286.9884646347806
-11.871621813392608 63.10836994909137
33.095195843554365 309.02391128053745
-34.944453174128185 349.31266488982357
7.871076790584599 262.53945689368214
-32.06129905007502 34.77832060304765
3.057501090993702 88.38802033561815
-65.55627216749319 55.63811432105512
-35.336390274931055 97.47337779379944
65.20601252488454 100.59360013164769
20.299753273448964 337.28082565221973
3.5525224367123767 5.151988811518826
31.343951080140368 16.3327085495362
-44.138999744809304 171.60854909654526
-18.263045229420676 137.54701121231787
40.93222663781754 55.701986130340345
-14.048274458576177 108.37127253310639
12.089853922356637 107.44790793857557
-19.74228217711627 178.88415414667998
-39.95883122857358 187.31844988412303
27.050777896528267 166.60760283192232
-11.098858716213496 34.800436184323566
58.506846192225304 288.08596222265805
43.57672111201864 262.78832565056024
-19.223204935396982 310.73751270231514
61.04705197415684 2.3648785650957076
37.24058826310244 269.64656861227235
-20.28390187183564 127.31644142061278
-61.80927524659518 141.20876653182833
11.270537168299239 290.073129563463
13.195135102119208 164.06602821101112
-15.437094935548586 143.46688009631032
-22.75450132780291 188.5627960638342
40.75700250891212 289.63729693338166
-9.443939119645801 259.34300055019713
60.21452928003598 106.71126875989292
71.0678227951267 308.5064675074778
-40.783965079879 358.7118768328913
24.756461767966645 39.01547697207294
27.975448641596827 99.30705191377965
81.5292589636604 254.439337227471
66.9210509506427 173.34988008994807
58.5987018693928 233.8803775790434
-8.110091089449153 264.7169805990467
-0.9409802229819075 64.41238299137923
-16.784828460000206 32.517514756740376
-47.27913927110454 31.146592663729084
-40.32480757790929 239.7284155572927
35.76323995466771 24.83164429004857
72.20065970429997 309.01102079810715
3.9061706226059516 133.11462063752614
-37.395745658799164 45.596764532266434
-0.7958035980300111 86.32778483226792
-23.248820159984465 110.3752528697093
-33.96896025458326 288.2332574806748
15.188427481385244 233.5401244292153
31.816889545095616 59.66002018726505
52.736541859546854 336.56062646481223
55.5892110925315 294.5868038485899
-24.127370067159507 7.167663703451976
-61.36489844418243 335.74397328330184
-11.092616708981144 205.245574501666
16.922276592282074 354.6826518209929
19.965691142044477 167.20345275656788
-4.764909428059435 207.129992426265
-32.501059760062475 84.82546931463303
6.090725357663737 339.3695972215174
32.55584182304273 213.63854987953476
-21.027568977173054 106.71224017471098
-55.47046186025475 103.76055080014771
-49.44250553554478 42.471865681233446
-6.553277029375113 217.35139063679634
19.422657081451394 282.4397364141484
-62.12777691554382 52.68782178170453
28.02327959626482 159.81143510278
-24.73162054845969 160.26136075531312
64.40064468724017 94.33331301494647
-49.97998527509219 71.27329765920611
49.26850338417658 247.27574512615487
12.060543902363563 75.02289703990515
-15.442724927161843 97.07070730290263
55.09714011390375 286.1440059002575
-14.351840769805625 214.28738050322215
-2.896870023283531 261.1083862494782
-11.165344501599037 19.860542994160024
-25.264047163416954 267.2151269955385
20.09045890578316 15.181785848202145
21.916951464003404 90.7840873388133
-5.096253063691912 321.282102652232
38.994850105624394 144.57463433056859
-18.891824720176693 201.11403676046078
6.099065328113865 285.52266497650845
-41.73715263837825 322.6741973240661
20.99059097986644 318.17489017300164
-17.5508961166382 343.8067279005142
-22.679405804745272 115.32437643292911
-56.88750134669111 307.8858271222971
-27.47352444009639 206.9455374338679
20.06837014169912 103.03849003352079
53.60355698018709 323.5716808077288
-74.42197681320825 341.94538534669687
-30.79525642219295 272.57933072363255
-15.248527149416208 65.38854883804389
11.933182898633762 49.788611993946084
-35.28725923377343 168.49526910876114
-70.94068556715547 206.94907201051691
19.04102291260487 215.5950390010807
-9.048817553274116 64.83359935251039
-10.319125554220122 292.27078464970066
-71.00820924648418 22.080493276607232
22.7995945622371 218.69584589842566
-52.60495747895669 166.90174092150838
-33.37490360949866 223.41271122064737
-0.7630912214552918 303.9253526893097
-13.017806767862634 151.81650591465888
11.042471174532785 103.61449410253647
-51.421383893945965 150.07993204620385
-32.42137836957269 173.14925969264218
6.849332514087084 301.73478791087456
-9.44594960187515 106.4780229154026
-58.824057617698365 298.9887152633156
-20.11093633897747 32.12628330665964
46.381262517453514 290.2142044665416
-17.19130501915912 47.30094038226144
-27.91383795977731 191.53658603366623
-64.71994920255479 203.1652143273805
-9.433531312651201 244.83801091771954
-60.00190793051943 279.7264676293962
8.132515881910345 310.7625957701228
-5.358238021609174 281.85882726074834
-19.394559555788078 327.6673576600076
44.848414267229664 358.03792358787416
-55.44532051967541 204.16469258719408
-62.47587600050941 177.83089738109376
-4.403566264620455 125.60604139740687
-67.25099745008033 178.2351234070831
38.57862522806509 227.62495653805803
28.00062439875404 42.77393738520107
37.4899930816148 96.41601120668052
-17.3494296161034 47.82507166050854
-48.925805190415595 51.4242568866132
32.23190278172886 266.3866856898262
-69.55451745550744 203.74281501807155
47.30375899103747 166.70996613978983
-56.06072091721879 297.0676423705072
-5.032562528600448 116.41748211804874
67.464114496126 175.88744325090656
41.1231981247487 79.82851143712202
1.8961176412633827 167.86030522736078
41.969416720339844 10.850592411333023
-56.22922474827516 258.85728464257767
-62.40296860379122 277.3398621619815
30.46608806675846 98.23816152133642
-26.984361313762196 23.591304458805947
-35.14892165907043 221.75172484316235
-21.769899304614867 162.32131548059186
43.04371569694218 82.0791404287982
-1.1779934664884752 121.49682091394712
44.309091353845766 180.71545017902557
31.125060334047788 239.1570993921908
53.18680846585124 261.44841685869386
-33.33027456109575 162.5615344800354
-22.431090169993983 109.65615869105842
20.737921911014997 127.31116580849226
65.90888550634676 25.822554750964027
10.515128194034311 282.10596519145395
64.7665282286472 66.71211347790928
11.359454856306776 221.69137988397566
-11.59477844653726 189.23232165244795
-62.52397904862054 315.3897111234683
66.06717541159487 258.05393165672467
-10.168762207637366 6.180569108717672
-31.04987724460254 102.34524754269123
72.6903369309778 78.65862958279473
-30.079155272023204 39.79775223916919
-40.80045926088827 126.22621681153484
-8.066330976847384 353.7939804684089
-25.317320122856472 258.8164509051767
-6.856076766484454 223.62595865815896
-23.75750201457116 87.9852718503415
-52.82374484891579 94.60264240944669
-31.792653125977868 225.1228890127589
38.52147113968971 108.81503519700122
-29.189520848276683 356.7286759335702
69.23438413047262 203.1346933912267
20.36559224933015 321.8886639780963
-14.915909240814203 250.7002073693662
47.72080463555612 122.97388146410785
40.46696988193694 31.961257689667445
75.28261791022584 212.84997175919685
27.022770160561816 185.901516037061
-75.3280920071634 136.6062305421001
-60.11926595993547 166.76483293274416
-46.786410715429255 199.84857111699588
73.04214113330526 33.941171343659605
-28.219206555162323 70.90753477774525
18.90961617701277 329.79302719824443
40.7466717737422 103.8754678615556
-66.57677037340619 164.73847818633794
-16.995322336513844 130.88085946224814
-20.914890140058507 149.93555847844306
30.190585401408903 359.78560779774637
-22.960861265852902 69.79087531640499
25.654111924007815 255.73155877028722
-77.77475705514752 233.1484477184522
-18.0947026310008 323.5975787202664
8.985756116864431 301.10085433378345
-5.443675396321929 327.05255548933064
55.86360678437648 65.09645242145936
62.67454176364221 340.21157045284434
40.59496443060269 265.9817387331824
75.09989315879159 160.81498010302033
38.09962790836704 128.9533275231606
43.29817200657412 19.637885179611267
-35.34653700079591 175.87418492298414
32.294145583315235 215.46907838374037
25.232959344497623 288.8480804870544
-79.50157970812359 320.9710407194829
30.21734691108338 349.7710218953144
55.97414584827867 131.58484530941695
-68.0828951174396 77.01488421981145
20.498775823552702 96.13549116427617
-36.226097452168844 223.1730112716494
10.017516502629952 226.295208616434
56.170298123123416 320.3143293663409
63.369326552098194 101.41012390430807
-63.300439150624314 153.78631374869653
0.6280795809313644 56.37077422095691
16.197922311518855 303.9468865784513
71.12024541871638 272.98142795069526
40.6463313129242 60.460325490437235
-46.60142135362501 357.7162899529275
-27.937294047392 1.1737698038193791
-5.05122537279667 61.11645269628421
-42.42891729168434 338.39765393252253
-34.22694158348054 323.86212625904335
11.425684160441984 297.61977958987296
-26.74033862081624 140.95734545168847
-38.71583303900568 213.70316068771837
-61.75210721241107 279.6756078042229
56.5402133992375 48.430908579322505
16.794373649448655 61.452111620829754
-56.29214184939896 327.6229246916193
-12.739930169911375 16.19115037025881
3.482850766503841 228.24624721916936
0.03358219560260051 324.6414750579168
47.44370079225955 242.64480498815064
81.8830546676877 14.210475992161086
-5.220692524513333 261.669086712171
-57.2984876059206 301.3118127030595
-20.82232915113314 148.28020868079088
-56.422085133486355 108.07526118809356
-45.945898139231915 274.27078096221135
-54.95491153409263 225.88729594555736
-29.21990373059187 195.33670343797482
-30.305321855662356 197.13303043578117
9.32801399825884 301.1279975198198
-25.050601286592737 211.79437892580094
40.28880140921378 353.5107361218221
16.104633315709545 326.0893475447987
44.1409678248145 109.66456847557002
35.40717270951487 219.05079760623278
47.91161708915458 79.55861076218234
-34.06184601400578 24.535411561835712
17.140860865172595 297.8941459018213
7.110784744205445 331.98618139308934
-36.224726140946736 56.919376693311754
-33.75637525178317 106.54175787938514
12.84558506704061 50.39027949960784
55.08813763831398 183.99107308935567
72.73762786735008 164.35183664982796
20.228582485597794 43.72838020063329
-30.928633744300353 352.26917779357274
19.892395665222658 240.11120747201676
16.53919730002757 107.54937066626124
-14.060132529968236 44.86705182015528
-12.78254844538959 348.39579291572215
25.235913572769267 224.98130840119293
-73.15439443728533 276.84950078968643
-46.526437679787726 89.33032751784852
38.97925722720629 175.86145154734845
-3.8106776418101185 7.8805794251812875
-23.278631837067053 31.726068172073884
-49.362477690326905 92.68702678331537
57.97891865579117 166.86717975732793
-7.432225831334988 258.51281899767514
1.0101275444308946 331.5496036600811
8.086608473725608 350.14195059260885
-49.98655695501082 174.2789630308931
7.072824260764774 244.35690686493032
25.763835073569727 280.7097753628414
59.26404405323779 213.56879800844655
-11.559136416023994 346.209131566666
-38.908347859294935 138.91915964437973
14.701874740252189 120.64715483935407
-7.241959960906756 358.4526010353085
-41.51631912739179 123.98347186347523
60.891015041093326 135.10313028949813
42.91354654342551 232.8566472899253
24.372275891746455 347.20106637782703
11.682587315895768 239.90785675971824
-41.33367890055674 191.76688520311546
37.921161001830356 239.471182608316
-1.6874824281294551 155.8074828650217
18.574987765864186 132.46347449877663
55.87451179817324 36.338451642414974
-80.43340518734051 17.691241640094063
12.965592476424733 64.47042189632481
6.429284203827272 285.5332730829987
-20.997344902895186 58.25080472113493
-69.34717092236419 207.85263898398526
-13.405251085089423 22.627500579927176
-21.021771638959766 272.5119354007951
-18.371175042947467 136.27655872651155
43.79030106276855 344.40089880449773
40.46823795681535 166.83335295797545
-72.4954233826333 133.29815966456053
28.444323588070915 113.43163781206343
11.627104319235315 282.8786244857681
27.41375118265882 254.04348483777207
19.265408178971462 156.97632813446145
58.41971606721795 309.70852946757884
-56.506411079843296 110.96075035479691
12.058856515802365 250.41605835964037
-5.698783250204809 283.08267618737926
21.69453063983656 175.3942109094722
16.597417121511082 19.69769920984548
70.16346919115156 2.3835761125299255
64.28815248156792 19.423664529075207
11.583007631181559 337.9198080512119
-21.91131243824551 252.62062349053303
5.6335112544636825 35.983085545339655
56.15655921397126 322.99116065693954
-20.319480494836956 263.35683505923674
-49.46641227635289 235.22769843397185
-63.837663367638555 336.08910446704954
12.509034349487434 231.49070545606529
-40.92061647482406 263.9896714063236
-61.984281653058225 200.0855336757593
-84.11596447759536 310.3697166915177
-3.175196927009841 195.73680644964952
-4.695221549698176 326.1687296900168
25.3923048356403 343.70116696975316
20.7971883786621 123.70674395093866
-32.94892264370149 276.2620049006406
59.894736129379446 14.584154463888057
-17.38862637664018 357.8571952467245
-24.329886883857807 319.4029870662072
-24.109883724018577 203.84027425546546
-63.522911355996946 257.5937872569138
-45.878145162940086 269.9757906347829
-75.3350371653324 319.53560581993645
53.11734633845522 277.9050420019412
19.539083654941123 289.6572043443775
-84.72494113206278 333.1587402619377
33.96928060038903 4.0940846862555915
-71.71744215831173 337.95015282724376
-13.491090425235884 327.3152694041961
18.75280333076833 164.65662779115385
18.267608679653637 248.18514086364019
-23.232513284973443 301.204016567729
25.301383719141658 108.7044604497575
48.27452871863913 230.9878639492459
-71.30600717110902 213.0381869182266
-40.667384828208554 12.762454490097598
-35.03017393769915 220.21231150890256
-10.20249951504999 222.63433783325058
58.39557890114272 37.03933149085726
17.70977088519947 323.5943586140216
-7.169316869635993 87.06633567442647
0.19883335476782618 50.89248047256788
13.178902118605368 145.38454053392803
15.341389592149739 151.0750305655423
-23.757511477147222 220.54054501673136
-18.03418711335913 167.2492419825341
12.317066553434108 153.34719199773704
-1.0859302854267905 147.11239659607747
19.88262682456421 325.7058322345056
34.935263957992 128.16472798307456
38.056261914944294 117.20231461345801
33.9530829913015 200.5638241153852
-18.634768031922768 169.2420279256393
16.259712389200775 169.09529829277048
72.69887787991719 287.5376755864219
15.773608155091775 227.1681440442423
-30.902817889393166 233.57873684217648
7.569832984731698 329.5172423941318
22.804471887128596 145.29200364376354
-18.060314093940562 267.1158536675649
-74.28647164583735 318.47851594031226
64.88312298778258 100.47163461372163
8.537352904000919 204.21446350344456
-29.481309638237693 187.0413601402288
20.36836351884192 2.8375191138564126
-31.95980551375369 121.02591648985019
-19.907708643131468 103.86095684077546
48.60543281780925 218.3556085257018
21.388339944652312 48.47199656824793
-52.08844507698146 281.2793756763991
15.72530640540176 134.94099603025205
34.462613776889796 179.46615689129356
-30.99660335051034 56.50419529971047
-33.210166558416056 250.22351917614884
54.02019461110944 298.49723222617286
-68.36345924917454 265.99698239076645
23.19148178566329 231.74757739681013
-22.227396354318014 205.61888180193353
39.94745258021129 251.26065811063032
11.866655999670897 294.2480124306391
45.87453660304434 224.7358824801334
-17.302265032020824 300.33085032509445
-27.63095238324644 170.01205527583815
21.93678887903485 4.292548115781377
-18.65053499783397 23.191899020816393
59.187300515254485 250.51595679503157
-25.57358049004569 293.3640319588125
-27.76462670325321 329.30177520966805
-27.236201337901292 45.92675634655426
18.304865183887415 148.46293164751842
-53.58071507877369 27.934495900337826
-18.518958653846813 48.04316569997473
41.1538486934511 83.07196570691012
45.83644228570139 48.549697600418554
49.33970026477586 107.9309573277121
-10.633590519792044 42.439131352114174
-35.2402805532603 36.3884747748403
8.457081245729432 157.7558057978086
52.57230045165611 298.8933904822039
42.9014130549853 123.60823453231644
16.26573346701624 266.44465856250275
68.57699312238243 182.917005724351
52.08454114823155 11.277263162351202
-27.503982753296707 282.0325716077087
39.42950508424644 3.886659963631171
46.57465008071333 103.6479060320007
-2.3035429304986197 345.4273011195584
2.7293060009931978 162.67167101551027
-72.58167320329572 314.47195909275024
-11.610352677735397 36.052536283080926
-22.09188884246878 146.67005961116303
20.009369893377457 36.42204065915444
54.065836880982815 337.96096725943
80.02557914198057 118.06560466226838
-15.24088110557947 347.52036464786016
71.77000448103051 110.83299812717516
20.446996684436023 6.279185370552929
-26.612360975559163 214.76570189039927
69.94192049516032 172.5889638014162
46.18457478815606 78.3195676537164
17.358521033591828 116.72011186461765
11.837690503553308 5.544334357928039
-35.10107755611056 150.03622157865598
32.58176757871608 200.31932369230614
-4.756235800794315 143.4647491175606
-22.7421933322408 33.285886807384294
-57.345499752107045 184.91376487739998
-45.60622359000789 212.09353935003307
11.023921633236487 248.52381295013706
12.462722246946536 295.2074189256925
62.690683593413695 246.85221234446527
57.70135005205529 53.79476783460029
-47.02834859176172 95.89232238076882
2.5108516904713385 28.262875323494942
6.377400001764416 238.9057941403171
9.283216324393946 206.03091974878677
44.44274611492782 151.6678360798548
-34.69661559439191 74.99910679360093
-42.24846381274462 160.47862868991112
4.236624853295495 336.14968270404097
-88.20092472558612 41.51200585146471
42.01813541404593 167.93551635115364
72.61812154051718 131.45230173653115
35.21733769882578 301.589796482251
-21.404147013481637 231.1033451915015
29.609726198455252 149.281273979771
14.198272054045315 50.70397173565432
24.68264163879833 182.83994090966343
36.0341323590473 39.307445700939574
1.5316281806632854 211.94593497176362
-69.89130433043012 221.17895135271993
19.98478181668441 42.24988873344472
18.216427871042384 60.6319666981333
-30.238547185851573 160.18212178570892
-65.71678605634919 187.86249384592688
19.455485195158932 249.6339292807902
70.2914401419766 271.22482301119413
13.693459067850304 282.2897664035389
-48.31358543237277 234.48302939327738
-80.19183890663311 179.581453240074
40.20753072440787 293.6437067847907
42.283658817784975 65.45710445656893
29.076777627722656 341.2381535729233
-25.176050765572047 295.8407853177354
3.873231911194633 6.756188195854336
26.3577766187174 277.0648635527625
63.15355069209626 6.060072488360705
-40.05828188587038 82.6650248249824
7.633761024780803 28.422866866697753
69.08293330683243 59.018279698981615
5.061996672170088 250.39824969160892
23.006667583496796 144.43036797691056
32.01317036331753 162.72055444584853
58.20835409765107 270.23153759195395
-56.755192136097186 67.9612178165692
-9.939266333838669 125.60609521007197
71.658727533034 205.94092857347056
-39.10434968210064 295.4678219884824
-7.5773445861948465 221.01406755558983
-17.28598146501005 171.1223748724717
25.649859641801225 6.851823294747955
69.58967156866944 320.9029534626717
-7.445156949734926 194.9965151617512
-20.46256411782688 181.8858375779279
8.40525147594315 40.672461946521814
37.0572694598417 53.956714699073174
-3.895890089093476 251.60838060711535
-51.29033575739904 282.795233807143
-52.697079350780555 212.5602806261341
-16.34981112866344 135.7909296314813
56.40392187356388 254.7535870675329
74.16780929142554 128.19231041112815
-13.927645760910915 77.18142148076012
-54.23421066329009 199.54632265905997
-47.66342968342101 243.01173645483962
-67.36658089396356 359.4565701351677
-24.37235565058005 153.70746842850082
-49.86500667704315 176.8517496179245
-41.89457146468466 11.030064361151188
34.54511566757111 140.68681071369753
22.526949456430533 279.076148371516
-30.48947178291779 18.210434687974313
34.84868710150106 305.60931549510235
2.266731965277315 254.90823245777295
-18.532611175214797 58.95459619188061
-13.664400151109255 213.29677984356437
-30.392579965325176 281.4666250245703
41.407537471090265 260.9884955388086
32.344518926123584 189.02554336104768
7.782806383304663 276.1963378379624
-35.84475602464254 34.64908525287389
26.234215021703264 42.859012430591335
-26.91049644714012 140.39148356593515
-13.31706169444711 52.63909943399583
22.5419302871879 148.76510518718575
-59.677742830604025 233.87582612847373
37.269082223239224 131.9261396793771
-23.978500843071366 243.2990673232421
-36.63378767989623 23.325119289545768
-40.97136632718145 227.8705041675956
-45.46227364206519 30.648645910924106
35.49891735543454 135.94477017982683
-58.11575195082129 18.50713896821029
40.76881736847122 176.17132922793408
-19.769945572799873 154.54885839029376
57.29091795524779 168.90172801999148
-24.978480991338582 33.66532526630231
-20.506545108201287 57.323610885217626
53.70766720436268 24.219275306607905
79.95291339898195 329.72323966464313
-49.68104675977485 114.9669169579885
6.972301487175268 359.684166106753
42.45728636934421 209.171877506479
-38.23615931005827 175.14701028451717
-58.65973901172205 357.89525095176265
-26.748521397208656 190.0501995474332
0.7063463689719234 341.3428637986632
-2.1752409692275645 322.59458383690355
21.47211736952716 243.65006153375953
-58.34094011809548 315.60238319832536
-3.0445341011362226 287.7450783793953
-22.438657991011283 117.05739524606871
28.043958472611394 324.98708166738453
32.94065773141215 314.28347014363226
56.842769405204116 195.3945565013723
-53.66785077490517 207.61933703335544
3.4807170443119437 239.8780246158066
-6.390495304346916 151.31105356798312
60.06908739508935 187.93414107624346
8.137337424408592 11.69384469785445
-40.80732013519639 341.6475671844989
-27.296802417849324 124.87793969441677
11.573816798499378 7.14696780230153
-77.21481779621337 246.41162108479716
-49.12508648523538 173.40295477562495
-15.518514304698542 86.63513233717146
5.83502811153773 150.37683471793068
-61.64558491672372 345.2824396329098
38.38587808071061 140.4723975975311
13.547073201962563 136.73774158679004
-44.73148286489953 351.4506342795769
11.487689877068647 319.0750728723125
-34.834217067688954 180.2111613633249
-4.388140600189681 218.46151522718128
36.608489458537065 194.2278041434877
-30.86896854684646 11.583918207575428
-21.845266971303868 118.99560254883623
65.86157428020805 242.5964723352538
79.70353392704871 275.96094874303486
60.699036489920424 53.36350444978093
66.3674581492357 314.8820020290553
-31.642126841110485 269.70529345505895
31.823325732861704 281.3286797834336
-32.08597382344555 291.16279730199267
-18.597329651424033 97.28919757788594
-35.72931678452919 342.72238248426737
-17.06772838199097 65.00340794685988
-39.55563396079411 135.7283512973176
86.40613771920862 164.9932740290154
-50.54330250528179 286.53584680256364
-34.36563377045638 223.94667364286272
24.47064979534401 308.5493358833312
54.00867753550319 314.6205306660683
-32.58668753827373 48.37613246045173
-39.14141719374154 283.72373591512326
-74.9799444312874 289.34133876849376
-11.398028820222144 69.90277766316365
11.693151924847914 102.28252569151178
-37.52515633100462 249.83023710802897
14.581533389320988 130.86178775358033
-0.26058621729571024 293.2229344252257
-74.67357838244553 99.47204267846563
-2.5000304069097097 233.97109333857443
37.72861038910448 101.69785282991367
-12.899577604917079 256.2617482803323
7.990189925654279 252.08068274995966
-9.732621849562529 114.37922504721084
16.70756579510233 147.5255495562985
-20.26672488693328 242.2450295663991
-30.189245694819114 122.32163370553205
19.797306920111225 203.81634094568463
-7.829501066378082 236.4347989828387
-21.700878898472638 53.31386838364978
-37.058958477415494 225.0187671570834
11.626232936949542 65.65863844846811
45.966866381414796 339.6780784830136
13.868833254175014 353.3972305769567
-21.997623940946628 211.90512653002835
-48.2508436936115 325.7803374479603
44.46564024015742 223.38026997996326
20.368858762362464 78.8024961208678
-13.603090958177514 35.128465791588006
-10.752132655992902 321.5534227871232
-26.001197240343892 106.32758618285605
50.160809379288715 22.203073613459978
45.17645184690253 320.492448122904
-10.083663463588302 342.7349301501889
21.524810063160952 299.26610607966205
0.5287948861789132 228.78775791413025
-3.295516977530635 134.1001098014953
-18.013808075346176 161.72275425309567
-20.005797374471012 69.74038066499025
-15.913846172713807 93.39237954600358
-9.224934454966087 124.28957058618998
49.91741980693869 195.10797233552512
23.624756734691093 7.650553812437912
57.926185557998615 60.612134023944755
2.127652581477783 80.26073067015548
-41.8582351191685 21.110994212935253
-26.041049947999216 84.79688231801762
-15.432338174366521 163.07274619531827
-37.32953125760757 152.57463260319446
-27.072082584344898 287.1074147719678
23.44715794820234 93.97324837206331
9.909493638186147 311.43713122134665
-54.307485373054696 226.60869404756835
79.11767133618048 148.60466715627595
19.781703894916188 228.51110018435634
-32.1041799009427 66.4889782393503
-56.6956619769459 60.72933544621694
35.54599076410381 303.45047326413084
64.00577690831429 163.0041127612709
-11.429311061321883 175.6731325971004
77.03969974033744 145.18202967628915
30.712012181677 286.50719062090855
21.55174023006245 252.75146954906418
-34.54802660386898 353.21667557389577
-37.50927696069387 142.52906546099788
-14.080064789510603 110.04867266814712
41.81070919323673 189.02884794904284
21.29172082427468 276.41240343102885
9.400670273175708 257.354380857267
70.98122569429904 227.5770092483471
25.6617147104296 305.898685665333
-17.143786746407585 184.99649259534058
1.9222966498745349 166.92944068309916
-52.315972836195236 336.0214981142927
38.76760563378577 133.786594140924
-24.98962891627839 321.3115157109611
-20.851502169338456 15.801770459399183
47.527949582792935 218.3583009019149
45.89199877805806 292.75599435216515
9.132031248771035 157.28730635613806
-6.787487225576513 66.83042475333755
-31.05296171131218 185.66397363273794
16.00658503419935 266.38364623962195
-26.22697076983975 69.34447446222572
-2.412629912042315 348.1134181726504
-49.36744610558102 24.151087764211578
-37.03265099244426 304.18520860615575
-10.506861758269045 55.89093206778993
-68.1523255707984 141.65421121223656
-10.87455169844088 85.43836401945383
3.620936487049473 249.68704989207862
-35.20662533326899 67.08391749674084
-25.991865220183243 350.638355038133
49.88850307075563 152.8962727208941
-27.563133057813666 30.357224383994485
45.783729978706255 175.55576764770603
-37.12826453083611 32.943425224586385
31.064699225672257 95.20361442414338
-30.56340974349425 185.96765510341442
49.818336314495895 196.6930789225937
65.60159875872571 49.933439814540854
-12.648474590942657 166.1398440993353
-32.54468171009878 114.30570532238674
24.226860597516147 126.64520302706151
67.1649413824627 182.96706802012412
9.009871598895977 263.7478484943126
0.506542793687902 54.730819573250294
-44.69155338559763 174.95554601490184
67.69191488436692 6.349294487480964
-0.7042721193287158 210.73390242097787
5.403425034655681 67.34047064651294
-63.139529132851855 281.3772866903778
-21.230998633964333 283.3791155192508
-17.350437778994188 159.3474911972383
21.82904900856448 235.30256076746323
18.978133784851014 69.23861114522033
-8.38884989898003 164.73382623984
8.587357201272454 152.16644593853914
-67.71551387743813 34.81746116529947
-71.83187520067705 162.95985832003535
31.630728851610254 267.568793812204
-14.892235471048632 14.123018710679952
-79.78363483089957 148.91029592139523
-26.238933468171034 204.274263508238
-50.334172584295686 185.5046835266606
33.20056755345955 199.29890039737037
-45.83911661684859 76.52529635763297
-6.700544594476678 3.9667089070850863
23.00232780236064 325.30003333495563
-30.270765645048037 266.7713576238758
19.110389980862728 272.01941036991536
-49.869642474298246 299.59847527781676
-32.01826257811822 132.7392246397931
-48.14437458224244 266.0257545365135
32.87214990559255 27.005729160222664
-3.8482110126534317 88.61945480642416
-33.58933168345107 312.6560252237983
-13.666560978896465 219.2183441278424
-21.539892148523087 198.67265452030833
32.78640875345715 119.36868434105266
34.454704554819585 168.84761409251036
14.183517839997249 317.1698997215007
-24.66287716930064 190.45623828058746
63.63757077146511 293.10176135883586
-23.038461071744422 76.43218335838628
-0.34030593695982153 162.57950271253742
30.82547133999315 306.4032132883641
-21.89385808515169 50.352479950306844
-83.08132257567341 152.19568300185855
54.92918810026133 130.66443577329875
29.470897812726868 239.1314568676807
-56.60736076056844 350.90364384702207
-7.221963888516967 359.60657992968646
38.5513710779846 20.365874757604455
14.557483457455726 187.2124028560045
-1.5107858691521954 294.79065212428276
43.05668941527557 266.8802233968714
18.095909230872774 137.13630644229303
17.75151925327484 322.84899525802643
18.26862711875751 83.80919101666474
51.21959257779305 163.98551023975838
49.193410780320264 4.867215366126686
35.22037676067206 50.0343948159274
-28.662800670022115 191.3436032977873
-48.71125477085187 180.85083383919
29.564217625801945 232.03192015384514
57.10657220234801 134.8539524866894
-57.875068144727024 208.54101025945437
-39.6633397338144 231.07184918558352
-72.93665646862978 28.448156332946166
46.373371751093266 218.12821944169
-8.07950344034688 354.52277774457144
-18.677621397895358 287.9917639429935
-27.624899935359092 322.1783423854836
58.44918864368552 358.6532162756155
8.9508232228441 236.8671424962183
-51.32744253579698 284.45332226373245
81.55548987645183 232.3093032530962
59.88481851228395 175.346460502383
80.00897746340925 157.53577378606764
-76.080098260255 345.06346170315214
-14.472815730191682 166.0224881390271
44.03910579880301 326.40576412905136
-12.002170126368497 284.17768708059646
-22.47104946041337 180.09176934221585
-51.14114959546829 15.368328853146863
23.413582447353917 19.90589180401201
39.4499644145256 257.64324076458206
-23.662554049344806 347.7064602509602
12.412360806372819 327.1852299560675
51.16635161401027 352.66883209286726
-41.333422146768804 260.33085936149746
22.80369389955093 103.45239874020022
30.896891580067155 256.2588611508945
4.232235113250404 175.33965139527888
35.474739464892345 75.1563732865537
43.34589179237433 250.9653896305575
-0.2875161107243647 104.3787146653804
39.22542566120578 249.84107678074676
15.496378366529608 202.52716494016425
-20.985623682381746 57.3806962562255
19.318452973898875 311.51567424495073
6.269052098883632 1.9702890489116016
75.21435109184178 279.38806032520927
8.107057502729742 169.8217093003266
67.0852622451029 195.43050010480727
50.81088307242201 153.95943358774818
-20.84090479144896 214.37195577375445
-9.792338145579391 311.34142811645495
-43.612899259387156 206.21914753449946
33.82705615693443 159.81550309266206
-29.1062439002571 167.34693640705643
61.54814540889249 51.81999885653478
-41.28145941540428 222.13077745204032
47.86379088262273 185.30293891216246
29.9283193435193 96.4400418242391
46.17803988181755 318.1889044731459
-35.23366052652026 178.86438003310872
-52.23212068022952 38.83067653022614
69.32696182246627 106.00860982634273
40.09228282601267 91.15232517481829
39.87283948366007 5.675626701340787
-42.22285499365297 214.4500892247453
-3.230986527433579 153.1091376499848
-15.460031186733687 157.1170832359469
10.595857425074245 42.845811708125275
28.491524751392678 88.69855006513221
42.68540336851172 108.75165977283912
22.54756396098768 322.1174107719574
69.56607181745368 172.93894202591093
-34.06009961126857 329.09749511954584
-37.50567261093496 31.844202053690395
30.772224098004095 267.8174677659117
47.45563337722622 108.82966416444938
-43.56271588110533 323.1220329911597
-24.739288201302823 163.08642641537477
-40.14529714523077 355.36156841020056
1.2183613215468094 17.6453509797992
-20.57668460948618 236.5486273647472
1.9087774087608873 239.8566970906909
34.218707757704806 134.22667926723884
-17.231854980260884 108.22610340229807
21.00570450529004 267.2847847538723
-15.70764731195506 163.75291885526022
-8.188876230069553 300.81308872517843
6.750556741165749 269.434925785025
-32.07684219308641 160.6535632259603
15.134939633943299 11.359690149658816
54.10959165584475 96.38815808670883
21.128758879472436 210.29296588193017
44.70389155242425 99.61846042794852
-23.93886336676352 352.04770735547095
-4.191714512833873 25.39582024757653
44.28302750113482 108.00717292410305
17.543747391670156 271.21214290496334
-27.241520052980984 273.8592713826886
22.792307129931327 171.7462257570575
-31.302643636877225 66.45457275500242
15.90412146025055 230.63651609444616
53.57545777678564 314.16607875729
68.93816999990311 289.67966681232383
52.68401070648491 345.7288545739518
76.958739590751 340.6429092917959
10.356731077033318 92.53003360447268
-27.84217568538358 106.24679767870694
51.73527888410317 272.3444423789636
-5.680004695336369 8.169252368239563
-42.55285471012467 35.92287439149491
17.699743882604032 132.92537540906608
42.34598605720307 331.640624449042
76.80765247034044 123.07719115991279
23.138890504815972 71.4784933565469
-23.91134602604324 335.07650258117377
10.611645453349157 320.5619463872729
-8.944520547391425 125.0926495955495
-51.32424491628437 332.0548304873411
-14.006113468006058 34.18709112739491
-44.34017317871643 4.410278322318118
67.3546837029201 110.74727004379255
14.926828604952686 115.56385535197869
60.513640680325295 217.46647924681437
-13.890856742790877 248.53456291935794
-80.06680916094308 284.802732492008
-69.36867187480505 4.02551684537384
-2.5344315601122025 140.05248834980722
-8.319154871669856 159.83477612132984
-40.519884127222284 303.00159268191635
35.705724101925604 25.729685663739673
2.729351231234925 126.12113100388189
37.84702044487835 28.294849699313268
-78.50147358085025 245.27967897242118
-46.851559870609535 265.91666199128395
77.10486997332086 95.89294014171656
-39.766217212250545 193.01008207637116
25.821343272232966 187.18283541562798
-1.2540709695697267 320.8011098023971
-39.173445906971644 271.6576341532105
-47.31185484678646 100.4117149140025
-26.030754026216997 123.52747299185636
-5.239697000418386 359.2518524563083
7.949727298105735 155.17647467457687
19.784901022076973 36.18027331522381
-79.81826209001424 55.685697938455
-0.8677513850878688 260.9977934924186
55.09704495842942 244.18543008247747
23.438029082797456 111.75792965275022
-8.099233321026107 14.14932673250595
-21.95426446059158 78.21877959989672
-19.94960748575251 168.108204947098
43.7089821405496 221.813684048575
-1.8876894962724367 248.18130032725824
15.090604457577864 317.1672606302477
-22.99896304113568 39.47460060627367
-9.578028386957902 53.98455046921997
-4.100503506544544 134.2486807590789
-12.243196806731023 28.803088374149365
0.09707737298256683 217.091178325739
-24.324863616113827 111.2345364067514
-18.499518599516566 198.92134610383889
36.72014876583702 85.03026798215947
71.19210264328862 107.9906287928034
28.6631506130468 236.54839721770463
-0.03877798177157973 311.3064726503756
45.00740707091517 188.993786518543
-57.635713924351705 153.91005487824344
46.774767380593474 354.768056412553
-14.81116851729509 59.02741147491937
-68.55916958705411 127.9806311576486
9.356378493014327 120.48290804388212
81.840836524363 71.57164080975954
-78.99441065021186 119.72671418700996
-57.59700014966385 358.34876268575255
-26.335894840307674 230.3766827369589
-26.57963601568559 3.904395618727752
39.3411677620335 264.41588003039413
-33.2278759228692 37.519669285852665
1.9965491149141998 64.05424446723637
-10.725302237518498 27.192050312496164
60.62523208769359 92.56785297386409
-41.13912720795682 280.6841885142697
-3.0483083170849565 198.40918775899183
85.02679683297293 157.52221000044233
-29.12146845745699 27.69817009478194
39.442280171543096 191.0071624824451
40.96586282582766 92.12505514451
-80.65150903001386 352.34155662240903
-73.44046872655241 314.3273628609809
5.255953682226734 43.080559601327714
26.826611493712573 302.1068227150329
-25.365081137999194 307.1691377854146
25.9804951514317 87.3707743880157
57.175422321569954 314.6925918348997
-16.997440815786987 19.274207514755908
-5.133974807700525 196.73182823902994
-33.57655231242337 50.2184055647924
9.18111480382795 19.18260740235781
-14.528564406982055 181.03351609559235
50.7364938027258 318.0324675458255
-30.072628565099834 358.0337837509682
15.940511447048129 293.05550116562586
-10.258462589124397 281.31838678973895
28.98052725682753 129.93493333793307
-62.64852654508997 148.83063780163312
62.191451183564745 237.5191389681931
-32.67529892679054 331.37059883384876
31.969210659942263 194.4771246985458
-9.168110206196069 260.0934966067374
34.58210980027275 313.88055695148074
-4.823720989132921 277.58444011107
67.18249986809232 114.70579085739679
-45.58857533684832 67.01748866072045
1.16249229019312 235.02318763987452
-28.972754285113602 327.6894653317691
-28.955366315677942 6.918643132207703
27.381702196153867 171.6664738586956
4.4805865093295765 185.6746928460697
-73.8458867642932 38.099013751519266
-53.77453559715503 53.19510958407532
10.617501822786462 246.11429055866623
-0.33882523867173864 260.824655597282
37.79965806458533 43.98678623641074
-2.868837824411039 185.0492437930474
-2.48871921137578 117.23874271049527
-78.89640968012571 90.8069871543976
37.61658713942377 27.881612482858834
-31.025872534443963 14.371850263557535
-34.43312720883773 242.90684725346094
40.40258734496369 40.369396062995435
76.6115820942167 93.92651146630644
11.561625080415535 150.26943628610672
-35.793508087406465 52.69306163539958
-16.903476727624486 51.686037055197566
15.04146195138373 7.057707891733759
20.611940321901905 61.10334648618935
-25.16871290147503 149.9688107513442
61.67651778052864 123.55490025920196
-33.50877031979434 251.00771952125396
-18.859353234594657 204.45019728241772
52.89995217546694 42.69923373019853
-40.37129131231197 1.3910065203355617
21.015791545106566 84.95035492498363
60.31783474828455 125.78450858765717
-9.469732548141074 249.29697555422416
47.64630111897728 264.8373034251481
-21.45222739501025 82.9922520966495
-12.34346518956562 230.97463860319027
-72.70830969969288 174.88726727298678
69.14628981885681 144.92109197519653
11.373855371908551 16.581124431537052
18.083488320960722 145.84272089921095
-46.42375389471743 134.58845396139785
-12.73158668751199 201.60868853619542
-18.828553239758637 59.58583111360926
12.325284389653648 148.9002265322863
27.673533677591102 291.1203766601639
36.381609652159035 334.9874719321261
14.617320926308265 122.73947758557772
-4.015648484260159 256.630336026532
44.079998295828474 50.953817871876936
52.6213531012205 223.91649413376783
-71.38691568689526 25.62436306198776
-12.434229995942438 186.44474301869374
72.14974091223405 24.015510796324556
37.1741390283317 359.055648766913
16.30730805753357 214.1480780526741
35.86888357813348 43.6040685799409
-8.271541763107043 138.8122891163838
16.853233190323454 96.53345476658917
