7.6713912609 105.5742623527
8.2311132786 216.3213424731
-68.8146256431 178.5380641228
-36.9969326251 303.7613391749
15.5076460507 311.9880895375
-34.2905339766 240.2569056832
3.9159236425 189.2750926365
-38.9453140087 158.5920058267
14.6644367378 259.2038683614
-4.2125214983 148.3413899282
-57.0519215633 236.8121081711
70.3512511769 169.4972210126
27.5726018050 347.6795109738
56.7930992171 336.5107595077
-65.2792829543 325.4340735218
3.9215838338 311.2931054660
48.1207668977 201.1669985079
-58.1379611825 187.0368125801
6.3554081721 270.2921106669
-18.8467439849 125.6301814805
40.6181167900 228.6492243839
-44.5215408692 255.3934397600
-9.7357434022 112.4029671845
32.2209514890 358.5425207284
-38.2432295635 204.5497971266
-31.3489678957 57.7740600778
-41.0278844598 228.5048994022
52.5729497661 226.0203811017
28.0359021891 339.7589717745
-70.5807810008 283.0929637821
-38.8796634783 162.5388075294
-23.9091191930 60.4952484580
42.7310448580 7.1810311551
-5.9866436034 33.3428661374
-6.8437251687 4.9424466874
-4.6867713714 251.4828166122
-8.5280735918 10.3698400671
23.0299995546 261.0753537142
-58.3576276357 260.7614034409
56.3965088532 240.0687063035
36.0981987327 325.0358916181
-28.9029441583 332.6276079256
-44.9792897888 152.2903749572
15.3358905000 221.3188208325
36.1296651402 110.1348159658
35.3289153740 156.8382662836
10.7492190127 265.3906067526
70.0296479041 136.3916298707
24.9992597602 319.6033204152
-7.1537790245 199.5563539171
67.1084860725 217.8449782545
-51.6769580190 358.9925947582
-21.6938696992 35.2983800811
71.1381689040 24.5376084736
-13.6093810165 145.0612826817
79.2233773083 266.3645944937
-6.2383091828 58.1217386017
-2.2349377238 42.1872362388
-63.6121133940 17.0750019255
36.2154498684 35.3160555865
-41.0218742410 320.4540683946
46.7453921191 121.2925234569
26.1596180986 172.4290378010
-55.6063088638 158.8047037647
27.3976407342 11.6063483378
79.3257997799 36.6765034978
5.3337200038 313.3446422748
-39.4922242275 109.5435548803
-9.8266517097 165.2762003821
-34.1623528674 202.0385850332
-75.6160918685 216.6339625647
11.3391449964 93.4915588836
-27.5547792734 161.2244430346
16.4908359886 359.4290697781
-13.7336369194 165.0541158154
30.7635455993 8.1402345726
42.6988006958 113.1438630455
10.3736028661 42.1591226952
-39.9134424469 157.2886431201
-64.7355057017 340.6765308792
-35.5691187586 150.3264767441
30.9499043840 136.5772867818
48.4614909663 51.8278549078
-34.7913130764 185.5701995562
22.3839803362 79.2918718761
-0.4440171037 216.2950379456
-9.5230266546 350.3523865477
3.5866911797 236.1781775243
-65.8792688418 24.1661307879
54.6946701243 114.2626286662
-8.2282839110 25.7164673492
42.0758313428 115.2505568002
-57.4554541471 292.8424087917
-22.6140737834 338.0231424234
10.2796365436 46.7263662977
-24.3216509855 232.6859534835
-27.8547988302 234.5110711022
-77.1252100618 35.8029335736
7.5503765835 120.6733692018
-78.0583161672 114.0367930905
-44.7181816207 329.8600789218
-36.1088780771 156.3475891064
-49.8520093084 82.4376478478
-58.7322070618 191.3006051475
-38.1566039857 148.3275111812
-6.1884696036 255.1224022880
68.0614551104 159.5803046508
-8.4124976564 81.4373000248
60.5504014599 114.3740158987
-36.3800045663 264.1537461110
27.2223410261 223.8633507459
-22.4031588133 129.1950753386
10.0872274853 331.9452090352
-2.0992365625 285.7692428724
-7.1216068282 163.8598467022
-50.1602374964 36.7384114918
5.0960652676 142.0841114158
-24.2938779781 171.9569227751
62.8250843681 224.6443153277
-13.7125355454 48.4478482997
20.0913641415 304.1316256088
-12.8088137265 193.2062501847
15.4476783918 123.7519174216
-6.7522476945 4.2541033872
-52.3998280197 244.1479326843
61.2108812520 76.7521902933
-28.0371611484 16.2074101355
41.2542544508 215.8912402742
43.1699494305 339.0565249710
-60.6968985640 145.4627736050
-9.0416975996 74.1325512519
45.2678599301 243.3538714968
-60.0071465103 166.8077977576
82.0849789426 119.4748104414
36.9300925440 323.4141435991
-27.9102784590 321.8381890411
22.0621922469 160.6190603549
-12.2045171618 143.4330325593
-28.2840913049 242.4557212873
-18.9968070353 260.9274121926
-61.9640684228 15.6552891629
-31.0674971244 10.6722173951
1.0242103087 149.5608034109
-56.0328864492 142.5700725658
14.2443292276 51.2147874681
-55.8579491260 313.4660533196
-20.9212711029 242.3943357277
16.9574644797 213.5220616705
-24.9141872178 101.2332122945
-53.6233457648 196.4690558708
44.5559372329 74.8212455586
28.6985111767 68.4469660147
-54.4211403839 168.3841225672
-5.1781152670 340.1131692635
0.8847865394 292.8452517098
51.6954432709 184.6506353474
9.7369154332 253.5901823210
51.6875849879 319.4150231220
25.0775958278 314.8842441417
5.1784791169 11.2098862214
33.3888022894 248.8699356493
44.7314501066 258.8289938915
-29.9975046659 357.7501158322
61.7078493708 242.2490951373
53.4905981062 254.4823269122
-47.1799592492 230.6240162420
25.7244975169 123.0245721565
28.3079618148 25.2485537004
-39.2857154119 41.7437344924
59.5505683435 202.9754224711
16.8290608471 198.3306855268
-29.8784307461 220.3153611490
16.2899726804 357.3827213082
2.3458619511 25.1727479361
-75.6840148151 224.8119674894
-38.0788190366 214.0283800934
59.8802401533 130.8767777885
-35.8520812326 351.5827805407
7.0023068478 279.2977813304
8.2217487099 113.1510771654
4.2690686981 217.2531480167
3.3059752657 272.9023470695
44.5403999027 260.4770261837
-28.9045093746 190.6780058196
69.4264965234 268.5311554489
1.5655354085 188.7188200139
-16.0621480552 320.6209661078
25.9631780740 13.3651629290
-14.3434448202 76.2682771045
-60.1870035230 236.0284986446
-33.0473645636 164.7412025008
14.4552187390 311.9269577023
43.2641274452 236.3454557588
23.6760333220 26.1513820892
74.7563502513 296.7540118329
67.8636076832 194.2381481003
22.5995207339 300.1496437418
-71.1422008733 110.7703525026
30.9479369312 86.0452059925
14.3937666580 270.4737447086
33.4549229397 143.5807264218
57.0280956909 355.6600798046
30.5694624980 60.2490824472
-71.2803329875 43.9774844323
-35.4864206950 260.6811078443
51.0532115186 11.0979843208
-1.2434600405 210.2155995922
39.1557419185 40.1559691859
-48.9937132597 79.6468037051
46.0551036671 335.0155282427
29.7261451094 171.6656400511
49.3004465236 205.9515765876
-18.4800553704 120.0078222189
76.1312616346 59.6769175857
-68.1290737775 342.4095845950
-10.3111848206 332.5127833830
50.2348145040 284.0351859616
17.5074275171 126.2454131704
-44.9666343565 56.6868862074
-58.2828420484 76.6655607701
48.6442159998 144.8809879342
12.0809648871 222.8946700796
36.2958316807 155.5722886351
24.7022792987 281.5291016520
-54.1895492740 348.1180045275
-3.0462463366 342.4977501285
-0.4090201183 20.4673371336
-15.0915842072 288.4139617491
59.3725717068 128.3649292951
40.0546551852 172.6389979794
-39.9205493110 274.8940748805
-17.0098702050 201.7608246923
37.0631706154 241.7230965763
25.5709402997 319.3838655336
0.7647953524 140.2794587766
19.9921209082 8.7921162891
-75.1591121595 255.7430464914
-2.2069530012 131.2075706278
-8.3758764516 314.2695572583
61.7639412363 224.8548479189
-70.2735380510 79.2733317727
-61.5460096809 151.4704114021
-15.1268534708 131.5915738448
-49.9698050245 354.9501498961
-66.5531902909 91.2094286300
11.1210798366 238.9620346215
40.0169796779 267.6278935326
-24.9827662878 266.1707880668
23.1768429204 320.7781667121
-55.7741414817 30.0263557567
-28.2480504426 207.0120214140
32.1415870090 16.6384449325
-25.1264259451 322.9768930506
0.2134824165 267.7329701998
44.4901014689 214.1291750361
55.2491522394 24.8028590679
38.5557257160 339.0487967682
12.3382914713 309.8696197826
-82.1301227084 227.2630356278
47.2136291048 314.1368681385
-43.7100341934 10.0240445441
23.4376947136 199.8501879097
86.1474538697 212.1820934324
-0.2151669788 7.9700132692
-23.1841870569 298.3669296331
21.7228461704 115.5000464992
-23.5218112384 164.8216588548
-17.9575528391 35.9049669711
23.0381990149 102.0358833819
38.2860874934 254.2426364232
13.8578276430 92.6871853142
48.8805811781 101.3870696101
-54.7698222556 45.9794659383
-31.5869990920 266.7804667558
45.0254425617 186.1352946723
-15.0627545961 276.8995382904
-29.4542840902 47.8471378464
18.9717863325 68.0429465932
29.4619515722 126.0844285606
-26.1074616957 175.3920438848
25.6750827038 56.9471149814
-49.7277060581 344.3832159845
-41.3782996173 157.4673777846
17.7175157849 149.8822450149
60.8122273788 309.8748705901
-26.0797009291 28.9243179637
7.7109278385 129.5026932600
13.2131452742 202.6637865368
-48.5413889878 144.3505731740
9.4868393775 196.3148012036
33.0425951465 149.7136130641
-27.7970166510 354.3602026483
2.6608931982 348.0940308514
46.5922049424 266.5061410227
26.1376041940 317.7054162128
-39.6545606135 274.4547387412
-18.4679273438 230.0749642694
35.0434459858 343.2027583187
35.9459540901 200.7285865390
28.0291796917 315.4905571268
-22.5316092055 205.5727282789
0.5866494639 252.5552425656
6.9892860240 145.9593888643
-63.0155856954 108.2830024473
48.9694439834 341.1633868924
13.2389957783 98.5235845533
-15.2197724645 242.5354698265
-18.3859738957 177.1791385971
30.3271269218 5.9326155563
-35.4166847526 5.8683585701
10.9248376652 103.0425890884
-78.4891699445 40.5729161374
-75.3620481110 227.2445157564
28.0954403706 74.1391867275
-62.9073482444 15.7793922839
-7.5288994691 246.2465039757
21.9787029755 225.4738728305
38.0453627315 164.3805510242
7.0416778834 157.0311363854
2.7055248612 251.7551348283
63.9334593208 191.4245873625
-30.9438786965 225.8891648483
43.3272143444 160.4604250592
-1.7150370692 219.9977072741
33.7806210250 179.7775726340
14.4852156611 88.3340748971
24.7901493199 252.0751668431
34.4473511174 147.5477519965
55.4616152326 313.6298926561
-43.4471284945 329.8417380336
-20.6099702466 268.8483621210
-75.2134928380 268.7324203811
79.9873242942 161.5721497934
53.4345116539 140.9118404774
-6.1800315581 189.4953350271
-37.9258422226 257.1835339027
-3.5599772293 331.0937495604
0.7026888859 256.5398049222
60.5738950150 16.6933058065
-51.5218505425 165.9419768734
6.3749184554 25.0586034710
-77.3341965426 182.7276854341
12.2482061844 192.7563351732
28.7401907569 6.7655251862
-53.0086776943 293.6737484211
-67.6054733321 104.4154533412
-53.1415546954 136.6660184498
43.2958319780 39.2265193365
-17.1669927968 186.0209851806
-57.4953842175 312.4860523053
-52.8039452045 254.7162560710
56.9548540319 58.3783769209
-2.0720697478 166.5215982956
-8.7566087025 115.9317175177
2.3505890334 29.2854268121
41.6518868353 161.3812192101
55.1959133774 349.9026185037
-3.4643927185 12.8554545104
-42.6114989884 246.9660396438
22.4297133484 174.8163949814
42.3371303766 218.4750092767
79.4690665545 112.5918383655
68.1887237597 226.0011848830
26.8216850694 116.5875480871
-22.1805589828 52.5797417159
0.5966415092 134.3513798641
-69.3233088291 274.8274063259
26.6626252080 264.2540389251
22.2706934371 30.7764322977
43.0467317561 163.6389807168
-1.6783344835 109.1776425387
-41.6230384320 3.7807983314
42.3710085047 257.3452317746
-75.0518153726 186.3540306186
-3.2601391029 275.2684649465
47.2230848376 54.8725627029
17.4570905789 239.8794047931
7.6847221020 303.0687702711
-39.1244984250 255.7783042568
-48.6827038920 140.9626989157
-43.6434497357 336.2234397372
-29.0475731943 149.5336874707
-22.9201500111 255.6010979664
33.7066739555 357.3547085820
8.8270143702 28.1777994817
78.6658447574 272.6556588874
-70.6073042731 178.6852453124
-29.4258840476 111.2935304625
8.7374992985 243.5263539625
-35.1078030672 184.1991890660
30.0249344278 208.8090210096
52.8052954063 1.8949830958
18.0625775892 233.6858224248
-27.9326362682 113.3977771246
-68.3996500967 148.1759869276
30.8220549310 8.9723373396
-41.1756449278 346.7606488749
-2.3259797138 47.8178290003
-8.7744687862 2.7035432044
28.7532999546 130.2402680821
42.0246220701 198.7960631601
-22.6816796735 282.2824500484
49.4065140551 319.7776440435
-18.6738837906 330.0444716908
10.2414745680 283.0314497321
36.4421065669 127.2673884668
34.1470924337 332.4988123253
5.9322236805 12.7248689662
-56.9258075133 136.5626144405
-58.7170152031 36.5080563082
1.2441575469 221.9555495642
-30.1776530944 239.0628779865
-31.5269585200 159.3407398752
-26.4603962199 55.4112720167
-16.2986545672 155.1369214313
-62.3469096336 201.5353872118
54.1514026649 157.1912872147
-24.5759766606 257.6004155693
-69.9062518499 219.3783742080
-44.4591203640 38.2293568078
8.7372790040 82.7525387608
21.7445920878 199.0286767061
1.8018528399 13.0473650245
-45.7564017528 56.3309183002
-67.1530483538 278.4813161859
61.7723332416 260.2907932556
22.5812467347 281.6106710343
29.6140820134 343.8065477595
49.2922586844 151.4735351463
-23.4216525308 341.1677250083
25.7219007325 28.7139112083
-18.8491073221 11.5001516062
59.1718756743 139.7998903230
9.8024917670 199.1292423076
40.5139086804 178.6062767002
29.4391561600 210.1166499744
-52.8499830787 83.2462648597
-13.0129355955 341.7172278357
64.4964376211 343.6696098677
37.6966984440 139.9045248780
15.2250356132 238.1071527674
-16.7921799591 73.5115304903
-17.5890393143 40.8860662865
-55.2122308184 198.3620162510
-31.1739521697 25.5396108464
-64.9967233500 290.4624959242
50.1329487596 214.1100032784
14.1917344911 141.8475953102
-23.3142964559 174.8051431028
31.5061565505 171.6462655397
33.6675143448 86.6132710112
29.9354848311 40.2928981991
-65.0596412385 286.4316996059
71.3906211247 159.5714095001
-53.9521457539 156.4944139882
23.7272656068 15.3124354317
52.7446137083 168.2016198352
-6.1225841501 15.8942930886
-30.3674088928 257.8689297613
53.1456013936 209.5940866455
-35.5677738563 344.7631653534
-76.6152619280 222.7002492474
-43.6631689288 345.4065328292
40.4506029258 13.3267060667
60.4780462870 314.4119787660
45.8658043865 232.7052335181
-26.3137355037 129.1552962476
32.7092463448 334.9172227416
-61.9003942708 282.1806232242
35.7444827910 248.4320389291
17.2296598895 213.7000397576
25.4577878762 173.0774163337
-50.5570857250 220.2662931926
-2.0301012570 169.0214121884
-4.7742982779 37.9218881348
-16.3665386001 259.9983673349
-50.2266589222 256.2646060964
-17.3254474953 342.5770271673
71.4894961114 75.6890504803
-35.7996025779 32.5901536541
82.8253097780 32.9945249466
8.1659919140 119.9008908603
-6.2044855310 3.2985970084
46.8202479163 200.3462579135
71.1421257625 209.4516778950
-47.2932053174 240.6519516663
36.4453424129 165.2363879683
-71.7012948518 337.2021372214
38.6489956240 287.4376773663
47.3894925896 38.1549124506
15.8894095092 146.7745636372
2.2095302497 328.9408900939
-59.4748977551 255.9218796940
-9.2610646452 249.1708807297
21.7782171434 296.0808320974
-25.9583355513 188.6231684162
-7.5669251762 52.5830842151
9.8118928562 254.2317290098
55.0953568692 291.0949225139
-37.0393836875 19.7814262590
15.9587479657 276.6657188501
44.9124236779 323.3226916202
-53.7398953952 17.5498793223
74.2455143371 20.4968901039
-9.2867480441 46.1922770525
-9.7687760496 215.5431156852
14.8055139753 81.4204035433
77.5312389812 52.2983768868
2.0781278076 112.9396559475
60.9453547789 13.5932543353
-43.1647339063 342.2680514549
-0.7192753100 67.1968417951
-36.4185161759 194.7271402755
-71.1256816700 343.3880114581
35.9586978612 289.9876337501
-48.1904834679 91.9691123498
80.2598401860 342.3711426450
-16.3022430785 198.6451231096
69.3218791460 287.5605850481
-41.4125354479 169.7321250199
-16.1709132525 220.7876756174
2.7836772104 277.2947987139
-55.6142934177 242.9414416930
38.5493470599 287.5443535437
24.3163176264 53.0924423284
16.1248991412 290.4477056502
-27.4255380519 297.7266824096
46.8936518827 236.0245890624
-79.3945913037 231.2278125453
-28.9319120957 209.4015077842
-0.7535036441 248.1059822072
31.3960940875 163.1870407849
-46.5864408915 64.8469592720
26.1546258457 301.8584883851
-61.6840053877 229.0907616159
-4.5651416715 227.3593155711
-13.0648059562 181.1289670541
10.0058260172 358.5084489163
4.7603424703 53.7668206070
3.5841294790 98.9010499664
1.2924842726 240.6965211935
-49.7116936537 83.6655666568
-56.4112480860 149.8681170014
-52.6326608511 254.1370500651
22.9740508702 23.7682550328
-6.1340967864 261.4839929238
-25.1426131416 11.3231690973
17.9355886762 163.8101135517
56.5156709144 229.1686808245
40.6860179427 188.5537129069
3.2890625168 72.4277171432
-14.5832215925 25.8105324549
48.7127703918 322.2275414659
-0.4226543296 226.6691230545
6.5642306419 61.5229441262
-16.9103094136 20.2621361948
26.7390173873 63.8102587172
36.5674436756 5.9253310059
35.3936935475 289.0212466975
-54.0263080398 279.5855375767
-54.5884549574 104.0351431290
-31.1014783485 103.9081245496
4.1096506299 101.5258954733
-2.9350061744 352.7251418690
20.6138289126 49.6989767566
-76.6198676589 297.5116765612
-15.7852356529 312.8630919055
-20.9116615605 219.8133136310
19.2024129277 231.6146572913
-19.9179526860 347.7805575079
55.7613091079 242.5025432243
-6.7943185785 88.4711310342
82.1222482064 306.9579318188
-37.2049543711 180.5794676129
6.6420788971 217.0451144271
-6.6909022276 31.6855574988
27.7638347769 156.7524608593
20.2583602277 55.6167486257
10.9798960330 359.6346227299
55.3047512964 227.9669779159
-33.2459206203 25.6788251191
25.1069338178 264.3184673939
1.0087193746 230.7155509601
-53.2373457179 77.4890906350
74.0565827561 329.7802530090
-41.3560757455 149.9672991112
19.9177730651 263.5116339165
-20.5666087098 201.4278733727
-24.3080494694 242.7245338638
32.8472890531 306.1914943992
38.9013989639 226.0816863636
-6.2006570899 13.6800627470
-43.3358425621 189.5694350678
-61.2158132436 326.5439557366
-25.0123649628 116.0427470927
10.5172663213 179.9245774755
-46.6218443224 67.5743641121
26.5803531071 119.8864069573
67.7654605073 149.3878331758
-0.4099139422 297.6868409510
-6.8510151654 323.5321441330
-7.8154632120 239.2349901512
22.6337098909 320.3510195880
-64.1908927500 61.9847972412
-78.7203143387 53.8164542603
-6.1695767959 350.3752701644
11.8657458469 220.9414685169
73.2567016519 174.7002182287
-57.6725510194 274.9773584592
33.7556784589 31.7421044123
10.4703174383 275.5402296633
-40.4733022702 99.2764929572
0.0001120689 44.6685243246
15.6522170869 304.9624748705
17.0279406616 273.5567376231
-60.0682912098 196.2232345393
-3.5957332818 88.9203981324
-25.3282430992 33.4940968270
-13.5019003243 190.9511951897
-28.9381568131 293.5615719366
-3.2536816100 313.5890115383
-16.9336517402 151.4334582631
-21.8305857814 341.4093914910
-20.2951114132 104.7693673694
55.7788802849 124.6682855099
44.3306313266 293.0056820310
-4.1375537492 314.4422833238
35.9884071170 37.5030885636
16.5438436068 354.3752994464
52.0402553485 351.0587658713
-12.0465263801 27.0371342659
2.9728035880 300.5931675325
-62.0742656036 204.7836402557
15.3818547812 20.4713750385
-27.4439373780 359.5869117135
-38.6908297264 296.4693512622
-11.2883966619 125.8098481092
17.6199958890 312.0811063887
12.4172288220 194.6923232925
49.2176932513 193.8340111559
16.9536029114 215.0188017910
-23.4827386980 119.2638560714
-14.8702314397 240.2023883717
-63.7333811448 106.5380086195
-6.3709409496 191.3738913213
20.1544744437 230.7846917110
-39.6644514060 82.5130093089
-70.3777636382 300.4635265389
27.7837715987 154.4754357444
-9.1417740368 219.0657293023
-30.4386067682 330.3350484784
-22.8624086508 279.7412779903
17.5494717318 20.4872791559
-78.6606637315 99.4014611577
22.4171480010 327.9415264145
-0.9502543834 327.9313025864
-60.7280468633 18.7472758894
13.9357769606 99.3337997828
10.5282161174 170.3260419621
52.2789899003 166.6986319921
-12.2405039367 293.4351006679
-22.0902204127 117.8126100946
77.0048972827 235.2670754638
77.0912123292 29.0031896098
40.2377386742 71.8843368222
-51.0708466677 355.0866673294
-61.2034786350 161.8366629309
36.4816373165 265.0990080415
21.5454525871 350.5317150277
58.6844814699 157.5706798462
-53.2353885644 219.6677264585
-69.8017930159 346.3486821190
66.2645981465 82.4930075823
-37.6645241646 257.3282240581
47.3620291349 116.2766527408
-27.6932274243 28.5122127915
64.0094305388 331.6056406961
-24.6008245551 329.6927210627
-19.1090262092 335.7114513329
0.7744393541 30.8531807247
-13.7432196986 165.8356064307
-41.5425639314 212.8761170386
-32.8192690699 355.0354451642
-33.4171442561 266.1715286802
-2.2765634599 220.7602344299
-8.6192048059 262.8424160121
39.0787837254 291.2523794417
9.8231704371 186.0885010308
34.0229322648 336.1246755479
-9.7887577981 257.2412688728
17.5861586526 157.1854125314
-23.6773335596 162.4968447107
46.4377062273 32.6305955808
53.8633198057 81.5299655125
19.0764082210 209.7031358300
24.6128123738 148.9573292905
-56.7163036478 306.9270167051
-11.6731478834 15.6259284917
-70.7703214931 154.6110731548
1.4693917149 182.8619560936
-41.4456838031 233.2466075991
11.0543878149 325.0520891155
22.8891363310 29.1499686114
-72.9802149522 75.1921056129
-51.8659780902 87.9846017717
-45.9421576278 217.8009322994
-11.6473589342 318.6342705467
78.5320730503 305.3170251860
78.4616179177 256.5295625669
-9.8202900274 79.4823258500
47.6099927369 51.3915555936
38.6161521398 45.9813969162
-78.7920994030 166.7976600989
-17.2485424774 58.2712569344
-27.6849094604 218.4739514312
39.1293198046 330.0089161444
-65.2953805589 235.6425124275
-24.8883014514 285.1888165192
-88.9899843596 287.7938529702
55.0473963825 152.4773534918
-15.9928048389 21.7267326817
-29.6388929680 139.9203703555
22.0165550397 16.3090667712
59.2810682851 75.0484018272
-38.5064918572 11.3028097061
1.4858312584 139.1867883593
-47.7426714647 195.3642789808
-66.6877269712 267.8738480273
-2.2536689249 122.8115165841
45.8326017663 259.8182256124
62.3532114932 210.6896390711
27.6402916040 207.4172783536
-45.2744591409 279.2626794548
-43.7621331118 165.2945109662
-40.9882270182 214.9798928133
-61.8810416141 155.0716362326
5.6319159914 24.6891796158
-68.0092153458 93.1260200129
46.2614849221 287.2267718695
19.7990173140 205.1999555603
41.3431486690 133.5523048785
-34.9566641075 266.1061426437
-7.4917252130 169.0030603637
-35.7003921194 20.8625444805
60.9311818094 140.1924126340
-26.8491070743 177.9707510865
-34.4356583758 126.6257525063
50.0863903349 282.6312959923
-32.9365237801 216.3736224957
69.4167763646 203.8700738195
30.9049293222 206.8471826175
-20.9789304821 241.5162375000
-14.2700997256 256.8392006384
24.3363455076 193.1954658649
11.2575859814 34.1649290765
-73.4788921259 215.5866619794
36.2879508211 291.5819606463
42.6498204675 73.1705016944
-84.2947739488 80.0822176925
-24.1899342300 71.0233675588
-53.6852584815 343.9952189811
40.1818810317 107.6376175975
-40.6219066988 6.2726260334
9.3085068544 148.1209693228
-6.2888795305 100.3678537658
-27.3528643389 253.8017227779
-68.1380215208 24.3203966871
6.0395996053 126.6675438551
-23.4796190819 134.9194061732
33.0244258826 188.4405807511
28.7463932035 219.8277200607
-5.7330157508 19.8428377652
-51.2706173478 242.1935031531
39.7838256570 144.6472960646
50.1726540775 68.7379469962
46.6073338146 81.1031615885
88.0100499408 98.0874030089
36.0294468931 321.7301999841
-54.8829228844 234.1751352351
-7.1534328158 112.0415176822
-54.1674758108 95.2345391400
-63.4286487745 200.0269186188
77.7424002025 140.1162886809
6.4157136315 243.1787221955
-3.3800249599 43.3604187974
50.7492574042 14.0009196087
83.2188854705 206.1847858602
41.8153712381 311.7842908812
-21.1605858050 181.9308988508
-55.8919743451 90.3276699342
-67.1136201359 330.3968647344
26.6346112994 331.0509313262
-5.0484618725 278.3242146333
6.7016180357 117.5307254379
54.6411669126 302.1582224867
6.8206923948 58.3351786757
24.9616071001 167.2429228077
-61.5081524935 101.8071412169
76.1086536600 2.8935952715
13.1640952764 165.5328493030
49.4939475332 334.5691245080
-20.0508921299 49.9093502555
-22.8377201230 316.0634523903
-45.4122252915 111.8238905363
64.4693152132 334.7542697076
59.8256743862 273.7130518676
2.5575285559 281.7313756114
13.1215734404 209.5430016048
42.8281164936 356.6372654718
6.4606558124 218.2439743263
-10.5478874631 104.7329618660
-17.8900038282 54.8135394141
44.0631383199 347.9001668219
23.1385459997 108.5812394037
17.5520495422 309.5953012156
6.5470192785 21.2863826941
6.8537914371 221.0568533355
16.3346957091 344.7179606742
-47.1708774341 15.5101096775
39.5515488226 53.9470892155
37.7203551096 307.8244587918
-40.6612849541 307.2876470502
48.9319204256 200.6541564283
-12.3086038825 348.3907290686
30.3475742030 10.3248385910
-41.3723949960 16.8809770142
-8.1668985116 31.3113418975
55.9653358691 78.8615621047
10.7081781901 70.7114999435
56.0250209860 223.4879609550
51.5769881822 286.7594037643
-17.1503644863 117.1651013358
29.9637805291 9.7382813238
-33.9493374924 58.0135179875
49.1924108904 44.7337132210
-6.1061754258 160.1840560265
-24.9759971730 124.7588929363
-61.6549857045 332.8559966760
-22.6444881144 13.6872605813
19.5904523786 130.9427432922
-38.2576709405 209.6651838238
-8.4369578171 38.2855136653
-63.4125649165 350.5003656205
19.9078679748 252.3752553134
-12.9112803053 100.3399564268
32.3520579803 315.6747763057
1.6305150255 124.9635734105
-27.7922942372 112.3665613423
27.2855479708 16.9693586492
20.4274873073 187.6437028957
-14.8662111035 193.9501569698
-30.5916267063 51.5295432791
-66.2826167130 194.6268216849
-31.8941492152 252.8858717230
-22.7031202243 73.2001812672
71.4771713601 325.3644008209
-62.0670874145 222.8570443861
-1.9291998120 62.4788463552
-26.2166664256 244.1386257980
-52.5756679703 248.4309152922
-7.1483390362 238.3734016277
-33.7638481339 79.1330751107
6.5731737864 220.4039449403
-38.4997656268 167.3242134426
32.3916977664 187.9499621885
-35.0592443333 51.0680526052
19.9502886076 178.7566872646
44.9564324825 166.7955518122
72.1679199033 249.5779176989
-56.9540316950 103.8255873297
22.0979117342 277.0330846539
-47.0885820633 44.7275384898
-17.5306223108 111.5295587567
-14.5156684974 126.5074903739
70.2642899499 205.5067180403
-58.8990887278 102.9551063726
28.4343987186 217.7600581758
-15.3804906459 261.3201251272
74.6262891072 46.7240479381
-12.4421271925 128.4238848011
-25.6474914111 315.8916310221
-44.1100822511 71.8807744874
3.5891268717 250.4780683719
-48.5743007926 117.6778331263
-16.8843526466 180.0905660039
62.6337720006 241.7269185180
0.6907714489 178.3119002987
-52.0100118556 212.6980252679
-84.7683249730 119.5167046644
-74.8105610036 326.3304966401
-28.6640303873 68.7235672317
-35.0381144130 32.2021295735
-52.2161409608 21.2282563181
-62.2012217824 294.9088351361
-23.6960688774 82.4474921353
-11.2419025899 134.2029257104
17.7079228742 342.2149259124
-10.3883151202 194.8507707965
-22.7061937247 316.1750204507
-8.4445351994 82.1174633289
-51.1612818414 335.0705876288
68.1080229853 181.3431957519
49.3806903245 168.7511412641
34.6674305174 36.1568681009
-16.9603942852 131.2797585982
-16.5667415708 86.6629514248
-35.5427427594 18.7831715804
-67.1602917807 179.0714649713
-14.0300189776 238.3901306080
-35.8869234746 326.3859484512
5.6908166137 174.8975591299
-45.7096329702 225.2178336841
-18.6617557168 203.0148717163
-24.7928745946 264.5387901250
14.1827715293 262.1877672251
62.0675114543 238.7307459817
63.8424730686 303.3090161612
-5.7418455448 319.8842965339
67.3722915563 307.3403312104
-47.6409421850 2.2878109949
-41.2534277766 123.1649435922
31.4676619869 126.7239338984
-61.0557520590 50.9339801657
53.9181937080 204.5168246357
3.9001627572 206.2446254353
-1.0899532329 116.6263969502
37.3598412811 38.4200489867
-40.2660098041 257.5124327060
26.4711727446 336.9173860703
24.2162857579 146.6720762399
45.5253725958 208.5300737066
38.4576259055 5.0432848397
-56.8804491170 157.7415168140
0.5315114629 310.9974889821
41.1819002493 244.1377163655
-14.9204203430 171.3371498753
-16.3377140744 240.6951819150
-20.0921295914 40.5425634820
32.2213346531 163.9699787502
73.5718846181 115.2257356347
45.2901187462 310.0641997572
2.7269436586 138.9903839982
79.3829321115 265.3342520520
35.6048156621 294.7274471343
49.9157507735 182.6680059984
8.9117195607 227.5098084499
52.8768744554 323.8537001747
66.9326542230 120.0618587075
7.6681649648 263.5446882867
-12.6633898653 273.1546160974
-34.0791901302 81.5979784332
4.9068868877 116.4476480770
-6.9000566501 45.8897313346
8.2504309154 321.7557160904
52.8062355543 75.7811348798
9.8798502456 244.2616324733
29.6031099216 92.4500131036
-39.3437098519 159.1384360349
-45.2743871087 308.5189428103
75.7697416739 55.2831366066
35.6696633101 347.5883250619
-6.5773061148 313.8997068729
32.8954949517 322.6145453073
77.4188659970 308.7268048246
10.5409918408 345.5887048129
38.8878976254 140.5596102551
-8.8087996005 142.9016879760
-5.0370013922 354.0466957408
-45.3579648635 132.0659086905
49.1898033106 109.3014435637
-16.6923364910 21.6181026615
-22.9777491958 352.5833163884
-48.0627972659 185.1589633216
53.1863233943 1.5065424723
11.7346795118 238.4917689400
5.0226196837 31.9130256276
-22.7171462292 111.8999214717
26.3926422607 101.4556717234
1.6978766038 307.2140978559
32.9180473864 135.6122566788
29.9533331213 344.8687516906
47.6907387739 13.8006921156
25.9306621862 116.7097957671
-23.4719959345 249.5183029165
28.1244612987 339.2502384377
7.4473377168 334.1731916821
21.8392768859 37.7401177383
-6.7640642534 211.6049027368
2.3154991579 154.1053618899
50.1791724116 282.1073536298
0.0828833809 304.3308769630
-1.2531038738 82.7178574244
22.4355030522 152.1086837038
36.4410157296 219.5212756828
-41.0357011715 192.5953402788
48.3064977117 324.5519982575
-56.2868029733 249.4707288733
10.9466771011 71.7462134631
-43.7336562001 180.3425482181
-28.5369983815 197.8521001653
27.4694524877 31.8694477444
3.4783402968 309.1087594360
33.2244816277 320.8046597509
5.5032426241 294.2096904113
21.4409998017 95.6015509411
8.5561725120 25.4056510937
46.2570969643 342.5922112581
16.1595764379 28.9001028683
34.9887579516 261.0452880965
-75.1854021257 51.6925873836
43.2015431311 268.3559337314
17.6160097073 337.5923154760
-47.7565121407 53.3333906847
-31.9673902847 327.3471235293
-1.6530052836 182.0605723668
-0.3714545164 48.4684680007
-67.2141581797 131.8814918058
-72.5913080991 5.0146043789
15.9017498270 254.6182671935
-62.7733727329 105.3407936641
-46.0221635146 80.9188637927
-36.5695636559 144.2836485014
-43.3243210323 54.6165806323
0.2061543808 210.5434385425
48.7106973923 79.9409018961
-1.3150683445 246.8637536373
23.0434498180 125.6668164929
30.9038766859 8.5093913059
43.3968109635 310.3215856285
-21.5239111077 160.6943693626
43.0613765770 351.7128387853
-85.4515141844 243.2094864269
-61.4475145068 285.8604751733
41.6678845380 274.5508327445
-24.1959572538 230.6964245941
-9.7332325275 47.5073735653
36.2337747176 143.8861085943
-78.8484980360 340.0034210989
-41.9627138297 275.9895038500
-18.0578523881 296.6118118202
20.8984340025 289.3015167118
-11.2201638412 303.2490446214
33.4349052267 223.7707748210
-25.5715656603 94.0913476858
78.2416714500 26.2469583520
4.2015023714 81.6863836759
-77.2899278695 99.4736386340
7.8195486917 231.9865721800
29.4267941745 213.8349717277
53.9167695792 24.6032499621
-16.4776468880 143.2334262837
6.0981811636 33.8269618589
-52.1519458703 165.5480837432
52.4104770113 31.5542019390
52.7483487533 307.9766055141
0.0209392765 128.2130067827
-60.1142233453 248.9843901905
-36.2146714678 257.8898812031
26.0333691810 105.4289609682
57.6093859456 154.5778068028
18.2152345667 165.6066079875
-35.9720405512 308.8914512430
-28.7525161210 48.9961932143
-10.0545294420 341.5612826651
5.4227955472 77.3947735986
-35.3001343562 351.6820496151
53.0626154344 240.0976282307
-21.5844404080 72.4266732547
21.1484487572 287.6761675699
-35.8081496542 288.9170034154
4.4952988174 70.1687234456
-11.0830521072 16.7948229988
26.9010172174 187.1848051480
-50.3821980422 220.1205404782
-42.7788837381 169.8024692072
-25.5915659188 276.6257163204
7.0182517544 223.1984727153
51.4004386210 200.0077925819
-59.2360620343 78.2026180266
24.5009882090 103.7706811362
2.8504719446 31.5091375284
0.9090051713 0.1106248564
-15.8541575174 271.7977246915
55.9352516951 79.9147270758
45.9282737281 97.4371516661
-29.6787521352 94.3267003973
3.6554161425 302.0912125853
34.6084681643 343.1520369585
73.4876736198 25.9766498750
19.0726117611 130.3552225512
-3.3420955895 266.6883913749
29.1521820371 162.3027781399
-61.6383127323 143.5571433008
16.7109854090 211.2893024521
34.1210471475 158.2279419279
19.8464671420 302.0955173448
-7.1582132037 312.9831065681
-14.3113659284 132.4092954249
-52.2163054326 243.8828185356
-7.8747186267 78.2289906331
-33.4120771419 290.7089285415
-50.8397291022 188.9890545766
41.0008583193 72.9106101212
45.4060027257 246.5062049002
-60.1458759756 178.2917532048
10.5312151077 158.5666116115
38.1927657374 76.3714837043
-69.9564046609 86.8264653268
-66.5922928344 17.2207344637
-25.2448488732 92.3279809189
5.4211961413 185.5507244811
-20.8145576439 208.4347781748
15.9827929998 35.4540498633
21.5724108246 38.8813960199
12.2759412880 68.6509060113
28.8803689088 242.3664412476
-47.5299604050 210.3805421229
-40.5170559949 35.7883326122
-31.5729416127 5.6740341881
-61.3083321523 65.8601343012
-0.9907335775 88.7845495777
44.4974868627 18.9396022716
-3.0403808279 29.6815934995
58.9707971936 296.1333839488
11.5441187035 53.2019326470
-12.1717494083 183.3193919694
-15.7044510825 239.0814758054
-42.6736453605 266.7438811153
-32.2313073536 326.9895930989
-33.4824875058 4.8822387008
-17.6440960265 359.8866080489
74.6933343794 294.5286065561
-43.8554467846 263.2386008268
5.7506369434 183.9641916755
24.5539573220 335.6493438161
30.1442639643 39.3310972779
-30.4290956940 16.7586993354
-79.8096325969 357.3337981652
-42.1402324639 279.0829853860
-45.3856511393 35.1255614979
-0.5964791720 144.1752444884
-21.7392660206 117.5341359831
-30.1445525394 178.0942634538
27.4094716599 133.4802823075
-28.5585874790 73.3424664279
4.4041481713 113.9284238232
44.7738580962 181.2987325283
46.6079661467 140.2586274374
-15.7289845429 132.2166036726
37.2818360804 128.2724332379
57.3819928803 19.9135981356
68.5783013154 183.3410920988
-16.8054435866 340.7624545211
-59.4304103294 144.0538029098
60.0756375587 214.8393341756
26.4048109207 277.5481333183
-4.6547170426 16.4948755384
40.1422382424 3.6287787209
6.5320473737 92.4069788071
-24.7451023762 243.9794321360
-43.1043166366 211.1115755090
-8.6702702576 321.1589340739
-34.2531478692 297.8963149210
62.3596860534 333.0880065725
16.2124274775 128.4982208211
6.7276429586 80.6723800394
-22.5575849925 212.6316088166
-27.2890301145 147.3996887679
58.0796308449 39.3436203069
-44.4695303426 128.9332640620
28.8024722942 248.6971400811
-32.8033325436 358.8839648392
19.9484862729 22.9952056842
60.0639687077 150.5681995049
9.4127015874 317.2863438096
38.8719725142 213.7994034821
6.2634736716 66.9119904040
-38.4744650452 143.3274350932
-35.1124185297 247.3513498118
-29.8111868445 36.7847618593
-41.2845988749 258.3968377851
-67.5253340269 275.9374150364
-28.1284947597 330.0826893713
-47.4414422202 148.6056619157
34.2080115931 321.4776702571
42.3518128821 244.6084276308
18.7533393475 234.8659982739
-9.0291107959 63.8452230200
-32.4022296744 198.6981098339
-41.5224974905 89.9851495809
-36.3104399825 95.0623197836
-29.1367492828 70.8519434080
-79.7681463087 230.1577228920
48.8199262517 94.1291700446
-0.2172192605 127.7444189650
53.5065447283 10.5655973329
-0.7166836445 18.6961468206
52.4005042954 208.6529339445
-23.2273201668 32.3788385361
27.8603126052 109.9666551394
-34.5543576448 237.0084056912
50.8705083462 359.1458638901
57.9381817646 82.4683708353
25.5316139019 43.6203588973
-25.9858070263 39.1200086687
71.9461652716 15.6972372945
-79.9000419495 104.8660465072
-64.6135225001 292.4430614527
77.8524411773 299.5629927055
-20.6812286370 60.7523745363
13.7360747421 352.9656332186
23.5588758779 43.6245785817
62.5377940444 319.2092092832
41.4991969976 83.3636389774
22.1098722291 300.0168990060
-59.4487175427 103.1382360468
41.5455977371 344.0987710203
64.7131102955 266.2966473848
-40.0807375640 155.1740711147
-33.6571130496 118.5535858148
-17.6558822159 22.7936975253
22.9400557566 236.7372028304
27.2344625294 49.8682719605
-55.4785486238 330.2340246368
13.0015176509 248.2166607755
-3.8452054462 281.0164921432
41.7897448795 56.2979744706
-13.3727883386 141.1651533799
-55.7832161462 52.0060824817
-33.8374319150 341.6340642860
64.9157971130 19.5300302041
39.2221479339 90.6010409354
-73.3138828065 103.9375483436
7.6818477863 195.9220584967
-22.4559446368 145.7970681509
75.6009360591 165.6154672524
-25.3781268695 289.4647773560
-4.8902007640 241.8691137397
-13.9713866786 80.9595037024
60.4281822884 22.4926545532
-72.3747016669 291.1074331345
-24.7244775519 134.7287691553
55.9088619798 300.7196931383
20.4952152117 75.5968735345
-70.0182227428 294.6255516719
-34.9976279842 151.0187442354
-23.2403985391 67.9722040587
39.1299178733 10.2859895096
-6.1255318401 98.2105005185
64.4563429946 283.3357354994
-55.0487713730 53.4801625555
4.2786737924 180.4375864425
-57.7902774209 166.4568764308
-33.0298180994 295.1550704910
15.8674460394 240.7733500205
-60.8673735035 46.9730392274
-9.4482828196 148.2956203397
-25.0484570135 4.8774113760
17.8063038973 299.4750438541
-66.4039523349 96.6607720228
5.5632004876 351.8699554964
65.5437486142 294.2146586860
-60.5972689634 62.8142049529
-17.8388346704 99.3497951842
-12.5500963175 79.8465549903
82.1231269638 122.8950337696
44.4546811480 265.2425546003
25.9348409816 87.9811830306
-12.5427654913 92.3451858458
-28.1203014112 45.7137306659
-57.8178215102 17.0687439636
48.8874278133 32.5621254751
-29.8203092357 212.7004251114
3.0219711339 85.6897692639
-2.9598399324 177.2084655197
62.0507742494 105.9147079537
-70.7737564847 128.3374873279
-28.6968533550 79.3783273566
-58.6014952356 23.3537821503
-48.9418434574 243.1088478380
-31.2332526685 299.2369554745
50.1685032877 274.7434784387
-36.9439088344 262.7912040506
-12.9882154296 53.7492545983
42.9175712989 114.0762183534
-11.5728372533 308.2725816502
-24.6835459357 295.6774275413
-41.7184802551 150.6475891433
-35.4171937169 190.3558314794
41.2082893916 346.8708977960
-35.9232954309 343.5295196276
-23.1377303788 186.2888820968
-37.3057834610 287.6186510645
13.6851005056 106.3342599019
14.4702322768 291.3713168930
-8.9977167966 271.0598480696
-2.8424316994 211.5413581125
7.5264183451 109.5650058896
65.7588030242 49.9876534111
17.6134405551 315.8847650171
-14.2918050176 62.1737600951
16.5537071616 133.2112629761
27.2064522634 48.1202421766
-57.9039712677 148.9392642926
-9.2009905013 28.3642188322
15.1377390251 149.6020625828
-25.4612109944 153.1764081155
-46.4522117885 115.8846193116
-28.7059006096 293.8952988947
-48.2685492361 344.8214652938
-51.1733730471 269.2467840732
41.6922709001 341.7083097188
23.7768603979 311.0471033690
15.3310777882 226.4548370130
-16.9041833060 222.5724842305
5.3453945818 332.7468386907
16.0254122286 267.5990632762
-43.8272437106 195.2950624481
12.7279589408 326.2198614064
55.2796460314 294.4212376531
56.6569455705 206.1767241643
29.7783460464 145.7633364203
-14.6071952880 298.3438921909
2.1625196556 1.1801292638
37.9268726106 132.5737286502
37.0059929401 53.8031993072
-56.2832994302 224.6666728635
-46.6658262150 123.9886320819
32.5287742329 100.2896917915
-10.8187625803 338.8603501904
-77.2453685472 96.0426988639
-27.9995403958 202.3251224215
3.4595581544 255.5297630225
0.9857432755 276.3261633097
-69.9884614721 306.2872500188
-31.5674020766 206.2384937554
-25.3363890025 61.6331491956
-55.1083893376 69.7507204866
-21.7170324707 314.3564380897
-21.9336975151 312.6644307650
32.0502931501 320.9748354132
-13.8328562959 282.9604585611
-37.3591409051 74.7581463104
11.7855562097 103.1865077756
1.0695190864 351.9751392304
-69.0265380062 140.4480358437
32.1043116520 226.3601411786
-41.8727704433 169.4738065970
-26.5440588631 283.2713145489
-63.3364570698 245.3451792878
12.2017638987 255.9018947345
-20.9731041689 253.8445084002
-63.0159625204 323.9245767957
-55.9551888827 47.4418511889
7.5819431172 271.0879002123
-6.6637762428 342.4944470736
-10.9776404214 124.7985119970
17.8355636574 297.6093387878
57.2109505084 257.2480782877
-67.9745011334 101.5263705755
-32.4230454501 186.3881522220
34.0612604288 59.7423863545
-4.2284101449 200.1278521866
-21.6903666000 215.3106509968
-23.4024351028 196.0819851936
-35.9812107649 129.5974681944
33.7459866475 313.5560668317
53.3253022635 191.2496213578
16.3284429425 80.9268974019
-17.8355953249 169.7606239203
30.2568662439 121.9431842020
49.1559888603 149.6866787527
-24.1959081353 286.2535001028
-31.7959569604 190.0991829846
-2.3713443002 256.2775637723
37.8004061578 33.7029435000
2.7450886844 130.0239695899
-69.7153675820 66.2421312160
-23.1069415002 294.1399196796
45.2797485623 157.7049189334
-14.7459306326 328.2554857495
40.9565922367 21.0709299538
66.3984199740 178.5170866026
-8.3980474933 132.8870905078
-30.0972717647 352.9468791300
-5.9276678670 275.2933432580
-40.5971509036 295.6363437556
-13.5171407515 121.9567039484
-53.5433192890 202.9900406328
11.3682650663 132.4533146594
41.4027485806 308.4122808104
-3.2779204675 76.6054213208
-36.9949332505 164.4788553972
29.9898456168 288.4131780440
7.6123821927 249.0933580119
61.2339612334 188.6922960139
40.3671179199 52.0841407401
-22.3127440880 87.3042718370
71.4454404085 276.4974165177
58.2624561117 248.8861177224
42.0041395188 165.2227623424
-41.0700357684 289.4290154447
30.8972632171 50.1621392967
-19.1202522116 224.7177043613
49.0145624990 170.0568463482
82.9592472930 310.7487745603
56.2852345842 136.2545056192
2.6893998132 72.6097161531
29.4344598336 77.4847102215
-23.5142367923 193.9628856013
-65.7164222607 209.8492495557
-54.7059344753 29.5343077836
39.0420461017 105.7052841920
16.6008793405 217.0706553145
45.4554257088 5.0484037877
-31.3853446589 141.5013854052
29.1831874378 153.2040315366
-64.3352097802 196.3952900680
67.7504655954 285.5026104537
66.8107478716 134.1177046431
-15.5917526634 336.4847110650
-17.5135825195 221.3605671492
58.4089968396 330.4620653499
-8.5911010240 251.0951161247
55.1354611345 33.0031458282
30.9680910557 44.8427297060
-3.3036251712 197.4924812937
-28.8508559059 52.9515803158
-60.2189754135 74.0300782947
22.0609551799 329.7152921998
-55.1817891766 291.1285883540
21.0346184142 234.7844031799
2.9203690479 333.5383219296
2.2741849838 35.9842977487
4.1741032361 47.3431750070
-14.9378071865 105.2550767678
62.3575400308 279.8022249038
60.8838846895 315.2995986024
-55.9970694258 354.7714402487
48.8544235300 168.3782808782
-27.6944373193 253.0253847802
23.8983789378 109.4888662330
13.6227373571 319.4493157299
-36.2835486542 170.5386658224
48.2569134919 71.7492244429
-18.0327670134 171.0166439406
-63.5262793826 261.7894963124
-39.4086652326 56.8606219166
4.6620454801 101.7549395305
14.6759562335 121.6300656937
11.7471067164 271.3197067913
19.2222216756 102.5524497363
34.2828537014 217.1203165401
67.8835181614 126.0740706068
7.0943235895 92.2186380496
-55.4031152489 325.8334141774
-49.6468635071 322.7564698001
-4.9945997875 346.0554173750
-28.8064574293 11.9603648274
65.1176660132 219.5071063089
-50.9068358695 286.9884645252
-11.8716218578 63.1083699402
33.0951957888 309.0239112126
-34.9444532237 349.3126647914
7.8710767653 262.5394568759
-32.0612991203 34.7783205576
3.0575010776 88.3880203526
-65.5562722561 55.6381143240
-35.3363903229 97.4733778510
65.2060125826 100.5936001572
20.2997532289 337.2808255708
3.5525223928 5.1519887381
31.3439510611 16.3327084680
-44.1389997185 171.6085491969
-18.2630452333 137.5470112863
40.9322266570 55.7019860795
-14.0482744798 108.3712725827
12.0898539273 107.4479079743
-19.7422821569 178.8841542169
-39.9588311918 187.3184499621
27.0507779051 166.6076029078
-11.0988587680 34.8004361384
58.5068461225 288.0859621727
43.5767210511 262.7883256498
-19.2232049593 310.7375126206
61.0470519621 2.3648784122
37.2405882052 269.6465685973
-20.2839018842 127.3164414910
-61.8092752533 141.2087667088
11.2705371289 290.0731295143
13.1951351116 164.0660282813
-15.4370949346 143.4668801703
-22.7545013021 188.5627961280
40.7570024470 289.6372968879
-9.4439391195 259.3430005257
60.2145293329 106.7112687978
71.0678227335 308.5064673682
-40.7839651374 358.7118767343
24.7564617575 39.0154769156
27.9754486626 99.3070519353
81.5292588935 254.4393373706
66.9210509564 173.3498802664
58.5987018145 233.8803776532
-8.1100910945 264.7169805698
-0.9409802531 64.4123829793
-16.7848285175 32.5175147088
-47.2791393498 31.1465926062
-40.3248075304 239.7284155484
35.7632399459 24.8316442098
72.2006596431 309.0110206494
3.9061706278 133.1146206981
-37.3957457334 45.5967645042
-0.7958036173 86.3277848486
-23.2488201877 110.3752529288
-33.9689602461 288.2332574017
15.1884274615 233.5401244530
31.8168895557 59.6600201505
52.7365418185 336.5606263494
55.5892110254 294.5868037875
-24.1273701254 7.1676636272
-61.3648984741 335.7439731025
-11.0926166905 205.2455745480
16.9222765524 354.6826517404
19.9656911505 167.2034528289
-4.7649094160 207.1299924714
-32.5010598153 84.8254693504
6.0907253130 339.3695971419
32.5558417988 213.6385499382
-21.0275690059 106.7122402280
-55.4704619138 103.7605509084
-49.4425056178 42.4718656462
-6.5532770174 217.3513906706
19.4226570364 282.4397363761
-62.1277770035 52.6878217729
28.0232796081 159.8114351781
-24.7316205370 160.2613608368
64.4006447447 94.3333130220
-49.9799853519 71.2732976892
49.2685033257 247.2757451579
12.0605438945 75.0228970355
-15.4427249572 97.0707073410
55.0971400449 286.1440058567
-14.3518407486 214.2873805391
-2.8968700342 261.1083862274
-11.1653445546 19.8605429324
-25.2640471481 267.2151269531
20.0904588768 15.1817857746
21.9169514755 90.7840873509
-5.0962531020 321.2821025742
38.9948501286 144.5746344060
-18.8918246945 201.1140368113
6.0990652954 285.5226649304
-41.7371526599 322.6741972084
20.9905909314 318.1748901002
-17.5508961626 343.8067278147
-22.6794058281 115.3243764962
-56.8875013412 307.8858269675
-27.4735244054 206.9455374793
20.0683701544 103.0384900618
53.6035569289 323.5716807030
-74.4219768478 341.9453850345
-30.7952564041 272.5793306685
-15.2485271969 65.3885488338
11.9331828784 49.7886119575
-35.2872592135 168.4952691979
-70.9406854962 206.9490721221
19.0410228984 215.5950390472
-9.0488175935 64.8335993447
-10.3191255733 292.2707845886
-71.0082093257 22.0804931344
22.7995945427 218.6958459438
-52.6049574545 166.9017410461
-33.3749035673 223.4127112422
-0.7630912553 303.9253526232
-13.0178067617 151.8165059887
11.0424711771 103.6144941343
-51.4213838898 150.0799321762
-32.4213783468 173.1492597756
6.8493324751 301.7347878492
-9.4459496199 106.4780229600
-58.8240575994 298.9887151087
-20.1109363994 32.1262832583
46.3812624527 290.2142044189
-17.1913050749 47.3009403535
-27.9138379292 191.5365860974
-64.7199491379 203.1652144246
-9.4335313034 244.8380109206
-60.0019078888 279.7264675018
8.1325158398 310.7625957018
-5.3582380400 281.8588272132
-19.3945595917 327.6673575721
44.8484142425 358.0379234818
-55.4453204611 204.1646926586
-62.4758759598 177.8308975305
-4.4035662678 125.6060414561
-67.2509974067 178.2351235857
38.5786251894 227.6249565873
28.0006243944 42.7739373303
37.4899931130 96.4160112219
-17.3494296719 47.8250716325
-48.9258052725 51.4242568714
32.2319027289 266.3866856778
-69.5545173874 203.7428151347
47.3037590008 166.7099662389
-56.0607208985 297.0676422302
-5.0325625369 116.4174821697
67.4641144991 175.8874434323
41.1231981563 79.8285114242
1.8961176515 167.8603052966
41.9694167051 10.8505923136
-56.2292246921 258.8572845748
-62.4029685576 277.3398620290
30.4660880904 98.2381615408
-26.9843613786 23.5913043990
-35.1489216149 221.7517248674
-21.7698992923 162.3213155593
43.0437157314 82.0791404185
-1.1779934691 121.4968209680
44.3090913513 180.7154502737
31.1250602944 239.1570994190
53.1868083994 261.4484168669
-33.3302745464 162.5615345696
-22.4310901976 109.6561587487
20.7379219272 127.3111658626
65.9088855231 25.8225545873
10.5151281580 282.1059651508
64.7665282787 66.7121134058
11.3594548467 221.6913799195
-11.5947784284 189.2323217131
-62.5239790500 315.3897109337
66.0671753412 258.0539316895
-10.1687622590 6.1805690359
-31.0498772852 102.3452476010
72.6903369922 78.6586295247
-30.0791553409 39.7977522014
-40.8004592837 126.2262169081
-8.0663310253 353.7939803894
-25.3173201027 258.8164508754
-6.8560767557 223.6259586844
-23.7575020593 87.9852718831
-52.8237449105 94.6026424933
-31.7926530857 225.1228890316
38.5214711727 108.8150352307
-29.1895209027 356.7286758458
69.2343841021 203.1346935735
20.3655922015 321.8886639031
-14.9159092764 250.7002074185
47.7208046738 122.9738815224
40.4669698833 31.9612576099
75.2826178713 212.8499719958
27.0227701584 185.9015161100
-75.3280920190 136.6062308805
-60.1192659331 166.7648330867
-46.7864106660 199.8485711846
73.0421411631 33.9411711312
-28.2192066144 70.9075347886
18.9096161308 329.7930271196
40.7466718091 103.8754678879
-66.5767703470 164.7384783842
-16.9953223445 130.8808595321
-20.9148901359 149.9355585576
30.1905853704 359.7856077102
-22.9608613201 69.7908753224
25.6541118815 255.7315587705
-77.7747569725 233.1484477080
-18.0947026647 323.5975786342
8.9857560764 301.1008542733
-5.4436754368 327.0525554093
55.8636068255 65.0964523658
62.6745417284 340.2115703007
40.5949643710 265.9817387255
75.0998931807 160.8149803589
38.0996279373 128.9533275829
43.2981720001 19.6378850849
-35.3465369747 175.8741850071
32.2941455580 215.4690784403
25.2329592932 288.8480804425
-79.5015797101 320.9710402331
30.2173468739 349.7710218068
55.9741458880 131.5848453918
-68.0828951984 77.0148843088
20.4987758349 96.1354911838
-36.2260974068 223.1730112935
10.0175164923 226.2952086462
56.1702980695 320.3143292601
63.3693266084 101.4101239309
-63.3004391397 153.7863139326
0.6280795493 56.3707741978
16.1979222654 303.9468865168
71.1202453449 272.9814279385
40.6463313347 60.4603254470
-46.6014214108 357.7162898437
-27.9372941041 1.1737697204
-5.0512254096 61.1164526817
-42.4289173301 338.3976538171
-34.2269416099 323.8621261559
11.4256841189 297.6197795332
-26.7403386247 140.9573455346
-38.7158329918 213.7031607261
-61.7521071692 279.6756076689
56.5402134297 48.4309084905
16.7943736414 61.4521115962
-56.2921418704 327.6229245330
-12.7399302239 16.1911503050
3.4828507630 228.2462472438
0.0335821541 324.6414749804
47.4437007375 242.6448050257
81.8830546795 14.2104754896
-5.2206925323 261.6690866880
-57.2984875917 301.3118125527
-20.8223291481 148.2802087597
-56.4220851825 108.0752613069
-45.9458981055 274.2707808838
-54.9549114692 225.8872959636
-29.2199036975 195.3367034983
-30.3053218210 197.1330304945
9.3280139575 301.1279974594
-25.0506012538 211.7943789645
40.2888013786 353.5107360227
16.1046332694 326.0893474682
44.1409678632 109.6645685114
35.4071726793 219.0507976622
47.9116171283 79.5586107442
-34.0618460835 24.5354115008
17.1408608191 297.8941458460
7.1107846997 331.9861813146
-36.2247262129 56.9193766850
-33.7563752907 106.5417579460
12.8455850483 50.3902794634
55.0881376317 183.9910732088
72.7376278846 164.3518368760
20.2285824725 43.7283801525
-30.9286337960 352.2691777013
19.8923956366 240.1112074902
16.5391973099 107.5493707008
-14.0601325829 44.8670517874
-12.7825484931 348.3957928334
25.2359135472 224.9813084414
-73.1543943828 276.8495005749
-46.5264377425 89.3303275789
38.9792572293 175.8614516345
-3.8106776898 7.8805793539
-23.2786319002 31.7260681232
-49.3624777519 92.6870268557
57.9789186670 166.8671798844
-7.4322258345 258.5128189752
1.0101275010 331.5496035809
8.0866084298 350.1419505134
-49.9865569237 174.2789631410
7.0728242450 244.3569068711
25.7638350231 280.7097753286
59.2640440155 213.5687981191
-11.5591364629 346.2091314842
-38.9083478677 138.9191597437
14.7018747509 120.6471548879
-7.2419600099 358.4526009584
-41.5163191529 123.9834719598
60.8910150813 135.1031303896
42.9135464979 232.8566473372
24.3722758515 347.2010662933
11.6825872968 239.9078567738
-41.3336788600 191.7668852769
37.9211609560 239.4711826405
-1.6874824193 155.8074829352
18.5749877804 132.4634745571
55.8745118177 36.3384515366
-80.4334052623 17.6912413353
12.9655924648 64.4704218777
6.4292841707 285.5332730370
-20.9973449597 58.2508047091
-69.3471708519 207.8526390838
-13.4052511399 22.6275005209
-21.0217716324 272.5119353543
-18.3711750477 136.2765588001
43.7903010262 344.4008987019
40.4682379658 166.8333530464
-72.4954233997 133.2981599456
28.4443236110 113.4316378516
11.6271042818 282.8786244447
27.4137511391 254.0434848413
19.2654081905 156.9763282053
58.4197160065 309.7085293733
-56.5064111256 110.9607504784
12.0588564909 250.4160583601
-5.6987832689 283.0826761383
21.6945306448 175.3942109819
16.5974170918 19.6976991412
70.1634691835 2.3835758961
64.2881524903 19.4236643681
11.5830075865 337.9198079715
-21.9113124211 252.6206234732
5.6335112206 35.9830854962
56.1565591623 322.9911605472
-20.3194804829 263.3568350260
-49.4664122174 235.2276984302
-63.8376633972 336.0891042708
12.5090343337 231.4907054809
-40.9206164386 263.9896713530
-61.9842815923 200.0855337725
-84.1159644618 310.3697158470
-3.1751969149 195.7368065052
-4.6952215901 326.1687296105
25.3923047940 343.7011668850
20.7971883949 123.7067440017
-32.9489226259 276.2620048380
59.8947361300 14.5841543211
-17.3886264288 357.8571951667
-24.3298869113 319.4029869760
-24.1098836931 203.8402743041
-63.5229112923 257.5937871735
-45.8781451257 269.9757905638
-75.3350371668 319.5356054699
53.1173462696 277.9050419759
19.5390836083 289.6572042978
-84.7249411507 333.1587393181
33.9692805745 4.0940845963
-71.7174421880 337.9501525539
-13.4910904631 327.3152693203
18.7528033401 164.6566278630
18.2676086487 248.1851408702
-23.2325132982 301.2040164888
25.3013837386 108.7044604839
48.2745286710 230.9878640069
-71.3060070967 213.0381870053
-40.6673848955 12.7624544081
-35.0301738937 220.2123115357
-10.2024995000 222.6343378598
58.3955789234 37.0393313782
17.7097708383 323.5943585384
-7.1693168963 87.0663356950
0.1988333203 50.8924804427
13.1789021300 145.3845405999
15.3413896039 151.0750306339
-23.7575114458 220.5405450434
-18.0341870990 167.2492420575
12.3170665642 153.3471920664
-1.0859302787 147.1123966644
19.8826267774 325.7058321575
34.9352639849 128.1647280405
38.0562619467 117.2023146588
33.9530829758 200.5638241868
-18.6347680165 169.2420280002
16.2597123973 169.0952983637
72.6988778080 287.5376755140
15.7736081379 227.1681440759
-30.9028178516 233.5787368474
7.5698329403 329.5172423163
22.8044719025 145.2920037110
-18.0603140873 267.1158536302
-74.2864716461 318.4785156134
64.8831230453 100.4716346387
8.5373529045 204.2144635549
-29.4813096086 187.0413602094
20.3683634840 2.8375190339
-31.9598055380 121.0259165684
-19.9077086729 103.8609568900
48.6054327799 218.3556086016
21.3883399357 48.4719965248
-52.0884450438 281.2793755725
15.7253064181 134.9409960903
34.4626137769 179.4661569728
-30.9966034179 56.5041952888
-33.2101665240 250.2235191532
54.0201945457 298.4972321592
-68.3634591877 265.9969822580
23.1914817581 231.7475774276
-22.2273963250 205.6188818482
39.9474525265 251.2606581266
11.8666559586 294.2480123774
45.8745365615 224.7358825429
-17.3022650499 300.3308502520
-27.6309523645 170.0120553562
21.9367888458 4.2925480355
-18.6505350567 23.1918989620
59.1873004501 250.5159568347
-25.5735804946 293.3640318844
-27.7646267374 329.3017751141
-27.2362014039 45.9267563179
18.3048651969 148.4629317153
-53.5807151587 27.9344958299
-18.5189587108 48.0431656726
41.1538487261 83.0719656993
45.8364423055 48.5496975329
49.3397003082 107.9309573621
-10.6335905696 42.4391313154
-35.2402806260 36.3884747314
8.4570812557 157.7558058671
52.5723003868 298.8933904160
42.9014130893 123.6082345881
16.2657334303 266.4446585436
68.5769931173 182.9170059155
52.0845411403 11.2772630441
-27.5039827464 282.0325715435
39.4295050615 3.8866598670
46.5746501219 103.6479060583
-2.3035429763 345.4273010394
2.7293060109 162.6716710852
-72.5816731984 314.4719587993
-11.6103527299 36.0525362388
-22.0918888408 146.6700596909
20.0093698759 36.4220406033
54.0658368415 337.9609671397
80.0255792029 118.0656048391
-15.2408811532 347.5203645642
71.7700045408 110.8329981990
20.4469966513 6.2791852920
-26.6123609409 214.7657019251
69.9419205023 172.5889640033
46.1845748250 78.3195676348
17.3585210461 116.7201119089
11.8376904647 5.5443342828
-35.1010775527 150.0362216732
32.5817675642 200.3193237624
-4.7562357964 143.4647491860
-22.7421933949 33.2858867605
-57.3454997067 184.9137649929
-45.6062235365 212.0935393944
11.0239216105 248.5238129526
12.4627222051 295.2074188716
62.6906835288 246.8522124004
57.7013500877 53.7947677526
-47.0283486491 95.8923224540
2.5108516508 28.2628752677
6.3773999897 238.9057941532
9.2832163235 206.0309197989
44.4427461358 151.6678361665
-34.6966156577 74.9991068157
-42.2484637981 160.4786287939
4.2366248088 336.1496826246
-88.2009248126 41.5120053329
42.0181354223 167.9355164419
72.6181215894 131.4523018862
35.2173376415 301.5897964219
-21.4041469866 231.1033452031
29.6097262153 149.2812740518
14.1982720372 50.7039716991
24.6826416392 182.8399409820
36.0341323614 39.3074456345
1.5316281852 211.9459350136
-69.8913042541 221.1789513994
19.9847818025 42.2498886838
18.2164278645 60.6319666717
-30.2385471737 160.1821218725
-65.7167860036 187.8624939911
19.4554851621 249.6339292860
70.2914400683 271.2248230054
13.6934590285 282.2897663638
-48.3135853746 234.4830293916
-80.1918388564 179.5814536448
40.2075306633 293.6437067336
42.2836588443 65.4571044192
29.0767775857 341.2381534864
-25.1760507726 295.8407852414
3.8732318677 6.7561881232
26.3577765685 277.0648635235
63.1535506852 6.0600723255
-40.0582819490 82.6650248652
7.6337609902 28.4228668093
69.0829333557 59.0182795879
5.0619966557 250.3982496887
23.0066675991 144.4303680437
32.0131703742 162.7205545246
58.2083540271 270.2315375838
-56.7551922181 67.9612178475
-9.9392663409 125.6060952718
71.6587275015 205.9409287756
-39.1043496757 295.4678218941
-7.5773445739 221.0140675848
-17.2859814491 171.1223749456
25.6498596124 6.8518232131
69.5896715165 320.9029533001
-7.4451569342 194.9965152177
-20.4625640960 181.8858376465
8.4052514472 40.6724619013
37.0572694734 53.9567146499
-3.8958900966 251.6083805981
-51.2903357265 282.7952337029
-52.6970792907 212.5602806750
-16.3498111329 135.7909297033
56.4039218078 254.7535870934
74.1678093434 128.1923105631
-13.9276458011 77.1814214922
-54.2342106083 199.5463227383
-47.6634296284 243.0117364350
-67.3665809523 359.4565699482
-24.3723556439 153.7074685106
-49.8650066432 176.8517497248
-41.8945715313 11.0300642755
34.5451156901 140.6868107828
22.5269494093 279.0761483385
-30.4894718483 18.2104346203
34.8486870452 305.6093154302
2.2667319500 254.9082324472
-18.5326112290 58.9545961799
-13.6644001306 213.2967798807
-30.3925799547 281.4666249580
41.4075374123 260.9884955398
32.3445189199 189.0255434374
7.7828063525 276.1963378031
-35.8447560975 34.6490852065
26.2342150153 42.8590123772
-26.9104964515 140.3914836489
-13.3170617445 52.6390994113
22.5419303016 148.7651052561
-59.6777427614 233.8758261243
37.2690822507 131.9261397419
-23.9785008181 243.2990673151
-36.6337877504 23.3251192255
-40.9713662767 227.8705041809
-45.4622737197 30.6486458537
35.4989173803 135.9447702453
-58.1157520264 18.5071388681
40.7688173702 176.1713293175
-19.7699455655 154.5488584686
57.2909179643 168.9017281455
-24.9784810559 33.6653252199
-20.5065451648 57.3236108717
53.7076672105 24.2192751931
79.9529133573 329.7232393116
-49.6810467986 114.9669170647
6.9723014442 359.6841660303
42.4572863424 209.1718775818
-38.2361592832 175.1470103727
-58.6597390690 357.8952508094
-26.7485213681 190.0501996121
0.7063463240 341.3428637186
-2.1752410093 322.5945837595
21.4721173373 243.6500615482
-58.3409401220 315.6023830321
-3.0445341253 287.7450783268
-22.4386580128 117.0573953106
28.0439584238 324.9870815883
32.9406576781 314.2834700707
56.8427693865 195.3945566218
-53.6678507160 207.6193370943
3.4807170354 239.8780246263
-6.3904952975 151.3110536390
60.0690873840 187.9341412132
8.1373373848 11.6938446272
-40.8073201773 341.6475670734
-27.2968024360 124.8779397701
11.5738167599 7.1469677280
-77.2148177167 246.4116209842
-49.1250864552 173.4029548846
-15.5185143414 86.6351323622
5.8350281207 150.3768347859
-61.6455849589 345.2824394591
38.3858781054 140.4723976690
13.5470732134 136.7377416481
-44.7314829162 351.4506341678
11.4876898321 319.0750727993
-34.8342170388 180.2111614432
-4.3881405910 218.4615152603
36.6084894467 194.2278042220
-30.8689686098 11.5839181320
-21.8452669911 118.9956026145
65.8615742171 242.5964724120
79.7035338533 275.9609487103
60.6990365279 53.3635043585
66.3674580919 314.8820018988
-31.6421268199 269.7052934032
31.8233256772 281.3286797497
-32.0859738195 291.1627972223
-18.5973296846 97.2891976185
-35.7293168284 342.7223823815
-17.0677284318 65.0034079429
-39.5556339728 135.7283513967
86.4061377396 164.9932751181
-50.5433024790 286.5358466946
-34.3656337272 223.9466736635
24.4706497443 308.5493358177
54.0086774781 314.6205305724
-32.5866876087 48.3761324366
-39.1414171757 283.7237358342
-74.9799443903 289.3413384813
-11.3980288610 69.9027776633
11.6931519277 102.2825257216
-37.5251562908 249.8302370826
14.5815334011 130.8617878108
-0.2605862469 293.2229343686
-74.6735784443 99.4720429148
-2.5000304051 233.9710933539
37.7286104213 101.6978528531
-12.8995775932 256.2617482577
7.9901899048 252.0806827462
-9.7326218631 114.3792250997
16.7075658077 147.5255496234
-20.2667248658 242.2450295604
-30.1892457169 122.3216337828
19.7973069117 203.8163410029
-7.8295010580 236.4347989930
-21.7008789575 53.3138683647
-37.0589584312 225.0187671758
11.6262329241 65.6586384320
45.9668663416 339.6780783790
13.8688332127 353.3972304971
-21.9976239114 211.9051265684
-48.2508437157 325.7803373167
44.4656402005 223.3802700424
20.3688587673 78.8024961174
-13.6030910124 35.1284657465
-10.7521326919 321.5534227063
-26.0011972735 106.3275862404
50.1608093807 22.2030735072
45.1764517938 320.4924480348
-10.0836635091 342.7349300676
21.5248100138 299.2661060230
0.5287948861 228.7877579369
-3.2955169763 134.1001098651
-18.0138080639 161.7227543295
-20.0057974255 69.7403806693
-15.9138462057 93.3923795799
-9.2249344623 124.2895706465
49.9174197899 195.1079724362
23.6247567044 7.6505537325
57.9261855984 60.6121339550
2.1276525630 80.2607306773
-41.8582351914 21.1109941420
-26.0410499971 84.7968823481
-15.4323381626 163.0727462700
-37.3295312516 152.5746327009
-27.0720825821 287.1074147024
23.4471579625 93.9732483878
9.9094935949 311.4371311529
-54.3074853087 226.6086940637
79.1176713725 148.6046674689
19.7817038727 228.5111002168
-32.1041799660 66.4889782454
-56.6956620614 60.7293354577
35.5459907070 303.4504732015
64.0057769248 163.0041129125
-11.4293110460 175.6731326660
77.0396997793 145.1820299281
30.7120121264 286.5071905799
21.5517401932 252.7514695512
-34.5480266565 353.2166754785
-37.5092769650 142.5290655588
-14.0800648097 110.0486727194
41.8107091839 189.0288480372
21.2917207790 276.4124034011
9.4006702483 257.3543808471
70.9812256414 227.5770093951
25.6617146586 305.8986856020
-17.1437867255 184.9964926604
1.9222966601 166.9294407524
-52.3159728693 336.0214979731
38.7676056615 133.7865942063
-24.9896289450 321.3115156195
-20.8515022285 15.8017703925
47.5279495454 218.3583009758
45.8919987140 292.7559943006
9.1320312588 157.2873064254
-6.7874872621 66.8304247472
-31.0529616813 185.6639737043
16.0065849978 266.3836462206
-26.2269708278 69.3444744694
-2.4126299582 348.1134180929
-49.3674461822 24.1510876911
-37.0326509969 304.1852085076
-10.5068618039 55.8909320485
-68.1523255762 141.6542114404
-10.8745517305 85.4383640401
3.6209364726 249.6870498896
-35.2066254009 67.0839175057
-25.9918652704 350.6383549492
49.8885030926 152.8962728173
-27.5631331242 30.3572243328
45.7837299807 175.5557677454
-37.1282646043 32.9434251752
31.0646992494 95.2036144392
-30.5634097136 185.9676551743
49.8183362960 196.6930790221
65.6015987982 49.9334396970
-12.6484745783 166.1398441721
-32.5446817410 114.3057053957
24.2268606164 126.6452030807
67.1649413772 182.9670681997
9.0098715717 263.7478484755
0.5065427612 54.7308195481
-44.6915533560 174.9555461132
67.6919148802 6.3492942944
-0.7042721121 210.7339024634
5.4034250143 67.3404706353
-63.1395290903 281.3772865443
-21.2309986351 283.3791154593
-17.3504377689 159.3474912736
21.8290489804 235.3025607929
18.9781337836 69.2386111296
-8.3888498876 164.7338263114
8.5873572112 152.1664460068
-67.7155139636 34.8174610880
-71.8318751749 162.9598585774
31.6307287990 267.5687937982
-14.8922355262 14.1230186434
-79.7836348233 148.9102964077
-26.2389334352 204.2742635568
-50.3341725424 185.5046836231
33.2005675393 199.2989004688
-45.8391166881 76.5252963935
-6.7005446439 3.9667088332
23.0023277545 325.3000332574
-30.2707656234 266.7713575777
19.1103899391 272.0194103449
-49.8696424634 299.5984751555
-32.0182625911 132.7392247260
-48.1443745394 266.0257544689
32.8721498957 27.0057290850
-3.8482110345 88.6194548272
-33.5893316991 312.6560251253
-13.6665609591 219.2183441578
-21.5398921209 198.6726545743
32.7864087802 119.3686843880
34.4547045621 168.8476141745
14.1835177941 317.1698996497
-24.6628771415 190.4562383439
63.6375707021 293.1017612904
-23.0384611227 76.4321833743
-0.3403059269 162.5795027825
30.8254712856 306.4032132237
-21.8938581451 50.3524799271
-83.0813225622 152.1956837152
54.9291881398 130.6644358523
29.4708977747 239.1314568933
-56.6073608104 350.9036437029
-7.2219639377 359.6065798534
38.5513710681 20.3658746705
14.5574834601 187.2124029213
-1.5107858983 294.7906520656
43.0566893536 266.8802233888
18.0959092450 137.1363065039
17.7515192063 322.8489951828
18.2686271230 83.8091910209
51.2195925906 163.9855103459
49.1934107643 4.8672152526
35.2203767695 50.0343947634
-28.6628006389 191.3436033621
-48.7112547339 180.8508339386
29.5642175918 232.0319201889
57.1065722407 134.8539525767
-57.8750680820 208.5410103246
-39.6633396851 231.0718491930
-72.9366565520 28.4481562055
46.3733717146 218.1282195138
-8.0795034889 354.5227776658
-18.6776214053 287.9917638801
-27.6248999635 322.1783422911
58.4491886263 358.6532161337
8.9508232086 236.8671425128
-51.3274425066 284.4533221568
81.5554898196 232.3093035614
59.8848185149 175.3464606398
80.0089774905 157.5357741577
-76.0800982987 345.0634613621
-14.4728157173 166.0224882126
44.0391057494 326.4057640368
-12.0021701386 284.1776870266
-22.4710494383 180.0917694130
-51.1411496675 15.3683287612
23.4135824239 19.9058917314
39.4499643585 257.6432407699
-23.6625540976 347.7064601625
12.4123607610 327.1852298792
51.1663515872 352.6688319740
-41.3334221077 260.3308593140
22.8036939154 103.4523987683
30.8968915321 256.2588611532
4.2322351228 175.3396514628
35.4747394878 75.1563732697
43.3458917361 250.9653896498
-0.2875161204 104.3787147027
39.2254256087 249.8410767984
15.4963783620 202.5271649960
-20.9856237394 57.3806962429
19.3184529256 311.5156741771
6.2690520560 1.9702889735
75.2143510182 279.3880602821
8.1070575119 169.8217093695
67.0852622255 195.4305002778
50.8108830937 153.9594336868
-20.8409047631 214.3719558090
-9.7923381765 311.3414280410
-43.6128992097 206.2191475882
33.8270561697 159.8155031721
-29.1062438829 167.3469364901
61.5481454465 51.8199987593
-41.2814593645 222.1307774760
47.8637908754 185.3029390126
29.9283193662 96.4400418414
46.1780398273 318.1889043863
-35.2336604983 178.8643801146
-52.2321207632 38.8306764858
69.3269618822 106.0086098741
40.0922828594 91.1523251810
39.8728394627 5.6756266047
-42.2228549428 214.4500892631
-3.2309865195 153.1091377202
-15.4600311779 157.1170833114
10.5958573999 42.8458116643
28.4915247704 88.6985500718
42.6854034056 108.7516598070
22.5475639126 322.1174106964
69.5660718242 172.9389422243
-34.0600996429 329.0974950162
-37.5056726844 31.8442020024
30.7722240461 267.8174677512
47.4556334188 108.8296641998
-43.5627159022 323.1220328716
-24.7392881879 163.0864264962
-40.1452972000 355.3615683094
1.2183612781 17.6453509150
-20.5766845852 236.5486273682
1.9087774019 239.8566971006
34.2187077823 134.2266793305
-17.2318550045 108.2261034541
21.0057044632 267.2847847359
-15.7076472998 163.7529189299
-8.1888762563 300.8130886579
6.7505567143 269.4349257579
-32.0768421802 160.6535633147
15.1349395994 11.3596900763
54.1095917044 96.3881580993
21.1287588664 210.2929659345
44.7038915918 99.6184604473
-23.9388634176 352.0477072688
-4.1917145596 25.3958201905
44.2830275398 108.0071729573
17.5437473519 271.2121428804
-27.2415200400 273.8592713292
22.7923071363 171.7462258305
-31.3026437012 66.4545727606
15.9041214411 230.6365161221
53.5754577192 314.1660786651
68.9381699288 289.6796667428
52.6840106737 345.7288544533
76.9587395602 340.6429089900
10.3567310746 92.5300336233
-27.8421757201 106.2467977380
51.7352788162 272.3444423640
-5.6800047444 8.1692522971
-42.5528547875 35.9228743454
17.6997438966 132.9253754677
42.3459860111 331.6406243548
76.8076525269 123.0771913182
23.1388905102 71.4784933417
-23.9113460658 335.0765024894
10.6116454087 320.5619463134
-8.9445205541 125.0926496563
-51.3242449448 332.0548303479
-14.0061135228 34.1870910812
-44.3401732413 4.4102782249
67.3546837599 110.7472701028
14.9268286149 115.5638553956
60.5136406385 217.4664793565
-13.8908566943 248.5345628282
-80.0668091116 284.8027320833
-69.3686719379 4.0255166540
-2.5344315562 140.0524884161
-8.3191548619 159.8347761934
-40.5198841276 303.0015925782
35.7057240938 25.7296855843
2.7293512335 126.1211310601
37.8470204407 28.2948496195
-78.5014735002 245.2796788691
-46.8515598291 265.9166619260
77.1048700394 95.8929401595
-39.7662171721 193.0100821469
25.8213432697 187.1828354872
-1.2540710094 320.8011097260
-39.1734458785 271.6576340896
-47.3118549000 100.4117149950
-26.0307540449 123.5274730652
-5.2396970487 359.2518523801
7.9497273080 155.1764747435
19.7849010043 36.1802732592
-79.8182621798 55.6856979627
-0.8677513987 260.9977934718
55.0970448984 244.1854301285
23.4380291006 111.7579296908
-8.0992333718 14.1493266658
-21.9542645094 78.2187796176
-19.9496074705 168.1082050228
43.7089821026 221.8136841119
-1.8876895035 248.1813003249
15.0906044113 317.1672605585
-22.9989631039 39.4746005678
-9.5780284321 53.9845504470
-4.1005035057 134.2486808231
-12.2431968603 28.8030883216
0.0970773775 217.0911783617
-24.3248636440 111.2345364677
-18.4995185745 198.9213461570
36.7201487938 85.0302679799
71.1921027036 107.9906288521
28.6631505772 236.5483972462
-0.0387780190 311.3064725794
45.0074070608 188.9937866121
-57.6357139144 153.9100550307
46.7747673539 354.7680563029
-14.8111685668 59.0274114616
-68.5591696121 127.9806313820
9.3563784989 120.4829080935
81.8408365883 71.5716406268
-78.9944106861 119.7267146060
-57.5970002075 358.3487625482
-26.3358948073 230.3766827484
-26.5796360734 3.9043955384
39.3411677038 264.4158800247
-33.2278759942 37.5196692445
1.9965490885 64.0542444534
-10.7253022899 27.1920502581
60.6252321420 92.5678529767
-41.1391271850 280.6841884343
-3.0483083054 198.4091878124
85.0267968616 157.5222107479
-29.1214685245 27.6981700397
39.4422801613 191.0071625663
40.9658628604 92.1250551520
-80.6515090770 352.3415561497
-73.4404687211 314.3273625528
5.2559536508 43.0805595601
26.8266114410 302.1068226555
-25.3650811545 307.1691377001
25.9804951669 87.3707743938
57.1754222640 314.6925917348
-16.9974408730 19.2742074520
-5.1339747941 196.7318282936
-33.5765523835 50.2184055442
9.1811147674 19.1826073366
-14.5285643887 181.0335161625
50.7364937477 318.0324674530
-30.0726286205 358.0337836635
15.9405114028 293.0555011146
-10.2584626015 281.3183867399
28.9805272789 129.9349333954
-62.6485265411 148.8306379834
62.1914511248 237.5191390451
-32.6752989610 331.3705987325
31.9692106499 194.4771247718
-9.1681102070 260.0934965818
34.5821097463 313.8805568781
-4.8237210058 277.5844400685
67.1824999235 114.7057909278
-45.5885754128 67.0174886772
1.1624922867 235.0231876554
-28.9727543174 327.6894652349
-28.9553663757 6.9186430531
27.3817022021 171.6664739349
4.4805865176 185.6746929093
-73.8458868521 38.0990136675
-53.7745356817 53.1951095743
10.6175018018 246.1142905642
-0.3388252529 260.8246555772
37.7996580723 43.9867861735
-2.8688378120 185.0492438560
-2.4887192170 117.2387427616
-78.8964097508 90.8069874326
37.6165871347 27.8816124030
-31.0258725987 14.3718501910
-34.4331271697 242.9068472418
40.4025873528 40.3693959925
76.6115821601 93.9265114729
11.5616250911 150.2694363539
-35.7935081599 52.6930616195
-16.9034767819 51.6860370324
15.0414619150 7.0577078161
20.6119403188 61.1033464590
-25.1687128977 149.9688108342
61.6765178283 123.5549003383
-33.5087702853 251.0077194969
-18.8593532086 204.4501973296
52.8999521978 42.6992336411
-40.3712913719 1.3910064250
21.0157915534 84.9503549296
60.3178347940 125.7845086684
-9.4697325578 249.2969755571
47.6463010548 264.8373034230
-21.4522274405 82.9922521208
-12.3434651738 230.9746386182
-72.7083096581 174.8872675164
69.1462898550 144.9210921332
11.3738553364 16.5811243630
18.0834883343 145.8427209658
-46.4237539094 134.5884540751
-12.7315866675 201.6086885861
-18.8285532937 59.5858311027
12.3252844007 148.9002265996
27.6735336243 291.1203766131
36.3816096077 334.9874718422
14.6173209372 122.7394776361
-4.0156484924 256.6303360092
44.0799983155 50.9538178104
52.6213530567 223.9164942104
-71.3869157685 25.6243629319
-12.4342299776 186.4447430816
72.1497409308 24.0155105754
37.1741390005 359.0556486722
16.3073080466 214.1480780986
35.8688835834 43.6040685187
-8.2715417622 138.8122891846
16.8532331974 96.5334547879
