78.6732248053 -4.53336484281
324.981722831 -25.3330102431
183.91412643 -69.1205602326
227.59796147 -8.60024427856
252.724175712 39.0718976959
269.601190683 -43.8630085435
353.720405225 -37.5047717104
73.0779371653 -72.1220344415
293.16197831 3.8130139837
47.4210881813 -38.5430336183
238.566426924 -55.34125425
9.40822493749 28.5377887393
215.028718722 67.4889062216
316.084526787 73.2674472021
200.761715737 -26.346591866
244.833551589 29.4568529598
351.329572856 7.80348198985
205.161957544 -78.982879285
279.467006264 4.90522804774
81.322686398 -37.522878386
330.235662078 8.47493231786
249.435344764 -39.8760075734
85.102920419 -22.1535400623
189.970923425 74.2447606928
294.963256551 -69.7450969763
138.948994703 -4.65428670646
268.495623065 -55.3109873419
338.056417327 17.8703287479
230.932354947 64.6540005947
210.625099236 -40.5305605547
66.1364382248 -74.4618542907
132.690115759 0.043364281308
138.710173284 82.7577519026
146.887720719 28.6332779907
179.415028668 35.0443736222
286.216177608 -15.8290261642
173.186286223 32.7929580214
297.455459238 11.2303235954
230.97398418 -43.5190102217
333.256725608 25.6803745788
263.594725646 61.7620956425
209.484771873 9.3174448007
96.8781954205 -70.7851704244
323.726666257 -16.7891138483
56.9882033172 14.5712229801
24.1779474016 -4.19039985843
286.032161512 4.90574691451
21.5606052645 32.1511617708
254.088074356 50.9061428071
336.882231948 -45.9521765576
349.641600186 28.5665879727
186.042466162 -9.62405290301
151.89084297 13.5097889962
23.3024612619 64.1033273028
57.4665771792 -45.1002104507
349.775034204 46.1685274927
124.127520558 15.7287205336
136.040374144 27.8461644533
177.29441849 -22.3667046954
106.678613848 61.6080253874
214.27173835 -5.60378233724
43.3068766135 17.5998320116
12.4630729176 -15.5830811525
133.756203228 -74.899029441
157.520048501 67.5602856038
16.8158228956 56.0069624739
243.835093379 31.7887721708
113.262311842 -40.1712383358
28.299010301 -49.9084778577
307.337007222 -68.5478411366
201.891197352 -58.5166732711
85.2068552107 6.088716352
47.7317853662 -64.9173662397
186.466359707 58.5496232313
30.3899938643 -53.601479353
162.57873714 71.7361883246
50.7049577492 18.0621487761
127.915465898 38.4789079037
77.5193986067 -71.8641743534
194.279754601 -23.6847799236
76.8560495908 -64.8591263518
41.5551448861 -2.02587985098
74.685615363 56.1305268999
345.900927087 -76.2059693344
87.4131116656 23.4473126142
320.479467313 -33.0694096057
196.640043704 31.9038995665
304.138825424 -19.0097760638
174.739263861 -25.3347362224
41.4873064518 26.541999456
155.872007063 29.4146377198
49.8704786565 16.5876700451
219.970869202 -29.0824713393
206.558601135 16.7348129386
123.425533972 35.7603628423
285.912122833 -42.5218600839
280.823329052 -43.693104236
176.002803789 -37.0696198056
66.8762780857 -13.9525718872
167.719646405 -51.5262340881
206.449998957 -6.36213274245
69.8884391181 -68.9456744775
137.380158872 -30.7079860981
212.987493118 -77.319333157
84.0295950496 -65.0876389722
282.376994351 -14.5426524363
13.8202388756 27.0095955219
107.372587514 -0.56552705223
36.794249576 30.705379998
252.629140035 -29.6964526186
327.193559259 -5.15640028058
81.4144805518 -42.3981554954
226.680643968 45.4036853815
262.181226177 8.89706065208
29.2374065572 -46.9267268268
162.239805509 -13.0719279477
48.9989378084 -27.4093068335
23.3316549229 -65.5007044747
344.436504811 26.2822276198
136.640965165 14.8174759723
263.707294515 37.4448268691
343.597715175 -53.1784943073
59.6980173948 -9.2583654863
180.241520881 35.1804720384
244.164453006 -50.0448859441
48.2627617171 46.4386045593
170.78516982 12.6392421148
339.167461053 4.67869913179
265.122941992 74.6313051875
141.138732759 -66.5697832029
113.245953946 3.68555727177
323.882139203 18.4185022648
157.844051249 -75.7165427249
14.9384690001 43.6283969609
266.584776945 61.1693396652
218.769892575 6.76879328695
24.2619745331 -17.8603853907
58.2534975067 -43.0575202115
274.312189242 -38.6579294651
268.857081075 -19.9768391602
177.618444696 -20.6211802328
176.128242207 10.4132106337
43.2520177917 -34.3393251005
129.053612538 -65.9196845135
116.135576357 36.1202752099
211.251878057 -20.8506217464
281.086260261 -33.7197946299
331.559882313 -18.5199903105
105.038034274 -25.5342105308
240.575752149 -78.1854490458
69.6685155963 40.2362889337
89.6337762384 34.9218450492
141.450627131 -80.2763075617
209.558685669 34.08108727
258.63412092 15.7504254395
2.48715069078 9.71685532223
294.116076447 -3.49809931203
298.998576599 63.8858120956
258.875068232 47.9717995249
169.176486858 46.1778180098
312.659359662 11.9409675345
314.870236619 25.484780305
187.40300588 12.0349804446
336.314516791 30.3897244516
324.288803617 29.3454928693
257.370896284 -56.4610946342
54.4624855996 -0.375846005294
131.477821416 62.3212414858
154.266812149 -4.77425997322
353.325080106 19.1161748332
346.298566536 -23.1832988477
291.07331966 -54.3695499511
190.199097267 58.2787881034
151.986085573 39.5102396913
203.972771015 -56.8230611158
284.609512638 -63.5025053538
30.1500117961 24.9760920743
192.260827752 5.86863585377
273.229221289 11.4120661517
72.4892138429 -8.88151794878
322.055267248 -28.4546919073
275.478878912 4.3934010338
313.827393526 26.2133355375
338.179362262 -69.2492125768
336.413693709 43.5526397987
354.022049105 -39.9082682936
225.019694517 16.9852896545
155.149324722 65.6516555457
115.089620404 -1.70750246908
233.129519877 -56.1371097897
48.5846685631 -71.1840463716
251.922675734 38.2237571325
326.791913777 13.7963796749
135.628382607 58.0925708452
342.605260182 52.7098581634
359.474867293 26.2982352278
269.208058571 36.5758642719
156.559679044 -51.2073260939
76.0469873796 24.9299516786
284.828730703 10.9444874369
35.1256393466 -2.31363022517
350.877536131 80.5363743638
93.6050204011 41.5966080231
169.947508369 -33.264948645
255.508523251 -31.2931659328
67.8572188428 82.1610897367
326.668353476 -36.5012002632
97.3521553787 59.9820180958
137.980652521 -28.7688667574
278.412265561 72.9272241539
12.8035125242 -11.968825366
348.578141141 9.79339367531
85.7405465445 -33.573253659
25.6628989013 53.3091283414
192.655015088 -26.8213252415
216.01200685 26.8567665977
308.202757034 42.4201975803
56.5261986162 -8.87464371051
147.592559717 -15.3294676046
147.618317026 -33.3913565938
28.2103093027 11.2624877815
320.694845505 -18.9362887229
24.9056433782 -2.98168901025
284.675636615 25.584669461
192.500912049 -12.6263651575
207.431965264 36.7644958348
158.87865056 38.4875280743
251.782014152 0.625719941261
31.6220524523 25.2828712239
11.0404764717 -1.75928762627
243.361850871 -25.6400081582
328.006938777 -54.3029487017
319.656123084 11.1976408974
254.945271979 51.1813778655
53.1784904187 -30.344657164
168.090617681 61.1644961211
207.861502789 -49.4665607981
63.7792072454 -28.0003955716
234.669970193 20.758163893
343.725992872 25.4298134815
159.311182809 -41.0587354702
146.102656502 -68.9387702583
72.7743765838 -38.5306551648
188.686847489 -8.00997822976
152.219186697 -43.3772568872
306.399557635 -11.2883768905
306.110738415 27.1365681245
260.673617761 -20.7450645759
250.90197523 50.2879483884
168.316331443 -16.7194485935
309.009325834 -61.299149634
140.820839988 69.8022524957
218.994178837 9.72512123813
277.24234611 -1.36416442039
341.621460581 7.16415589425
60.5817542374 73.0700672754
251.39520024 72.1695114432
252.187302503 35.3182644612
195.005103441 -52.9188296113
291.485928335 59.5096679867
178.175866514 -2.07572131412
346.460069224 -16.424942945
2.52317325933 44.6404707021
174.76901568 41.3512409612
239.399515162 0.0115671239115
62.388215537 0.399407984525
37.0471506766 -62.7539430582
149.786486806 16.6974730495
71.1968265898 9.32845534908
312.609649298 18.4917474492
84.078663594 8.47772402842
52.4101039908 28.1895089051
159.253750946 -19.7513813222
255.070996359 -24.8996873927
1.07182802483 3.12353951036
260.229058741 -6.62219424703
145.183429714 1.51382828041
98.3251228494 28.5760949925
50.1393706279 1.2450506292
16.458461055 -67.8607630975
101.053133422 40.6202669186
195.546491341 -8.59695815166
81.3768136166 -72.7537962995
35.7798066802 -19.0217198496
318.712437139 59.0461354508
159.087733427 11.5526303336
59.2895845523 -18.8173025094
340.835767973 -25.5984614473
110.278724962 -66.4634287581
346.601149896 -30.7776095042
30.5029853429 -4.5883962182
190.553693613 14.0920978572
201.940915333 43.5715848739
312.460411341 30.7481905726
257.278567925 50.5233464599
243.832128934 -25.711407203
293.662417624 -40.016944203
235.607705985 72.0573533658
348.717533296 -4.09237707117
261.567473689 50.4033069979
317.655056807 -57.4200748404
288.939055386 -11.1439512647
44.1622791402 -27.4210991022
144.148137083 -49.1997948418
287.165420924 77.4925462786
80.2609474604 4.21353737775
285.650239018 -29.5435765753
10.8354823863 -60.3482118464
168.813885429 71.8138401904
180.599256269 6.47701224749
78.457679922 -0.437317215578
175.823702442 -38.7584434567
205.018141195 -56.4450551809
86.2672998925 30.74597677
177.754622858 -21.5577164928
288.370502596 -21.3981833112
323.386499663 -9.07660372519
17.6670214653 -2.89192477432
32.3952319431 -31.40014133
290.956585829 -10.0501488527
0.013429188873 22.2345456939
284.534717738 -51.4187240088
19.5082651621 2.88025573394
315.905266779 -32.3562168326
5.59782937975 -8.27512621987
86.7872881132 11.8092231221
304.895989783 7.12761159629
31.70176784 -2.64312441685
307.90722354 60.8812500664
206.894606935 -5.17033298578
262.079775849 -15.9045166834
207.037005554 -46.1979246851
9.42572616092 38.3622700965
28.4900259345 16.6545926206
351.379246111 -47.4550709991
255.292812788 -35.0050189457
220.364935293 32.6281326442
285.961096028 -8.44618175715
36.4750659467 74.1367531842
122.141122385 -80.2514251424
150.088535324 43.2817517488
186.618664219 -60.5940552487
351.166844829 -28.7458441333
167.752824621 70.1038641496
223.055950018 -25.54806131
151.491568188 -48.5921879905
122.647208205 -62.4142111798
90.3359685032 62.4835356506
354.255319314 -58.8270732134
210.814394187 -22.5257862485
239.9581083 -44.2876146332
58.4509417762 54.4790850698
23.8826568546 -42.6696916775
81.5678805646 -23.7322252349
147.139509201 37.9011006638
19.2128499353 1.0970482293
328.414622491 80.4203844672
169.182800084 37.3794349145
255.925338133 -44.0786533335
10.4933921596 -19.4708303706
337.841984458 6.45109791562
18.7603969408 43.0710695356
347.222756895 31.0894078035
58.5226660804 3.8720734991
137.769217923 5.54916242212
59.0679330486 -27.4149248506
213.88076086 -42.439946184
297.844636303 15.8527297682
130.800919695 54.4939729039
17.2969607836 2.12690936585
82.0469734907 -13.9816843146
182.583955454 0.372445922608
313.827527757 23.0715881117
188.976317492 -62.763015591
269.320493752 1.09504598323
75.4556687703 53.7826104791
309.406983712 -5.62364238941
254.83173543 27.4819649129
254.913596242 -36.6021537569
111.790907581 -64.3092390311
202.415563045 -3.9478314259
67.5519260654 -59.9048839922
269.602934353 -26.273503949
194.327507547 75.6311505605
144.783260042 44.2269920704
348.603297621 47.2258045563
184.264957026 -67.331798015
102.028056073 -35.2107775476
301.278623767 -10.5110911282
350.239825042 -76.7867981872
340.50435454 -7.85663742493
18.578984227 84.9854495557
314.657322185 -8.45286038663
99.1630974707 -35.6443699849
158.967783809 -64.1424578999
160.365795052 71.565537254
195.336982703 0.113354257208
130.762842419 24.7964810895
182.217486472 33.2360355222
47.4262091924 -1.26938593772
351.55869395 1.48716176731
251.274448881 -8.91098083085
293.820048899 63.7100559773
215.276067734 18.1858476897
272.689983417 16.2948632396
45.5310843864 6.59068324334
251.566988656 65.298144956
166.814652434 46.6125585175
130.840512946 -62.5737978587
166.11006501 -20.7899358001
315.703264309 -28.8125432952
274.895292904 -42.144045776
56.5929407816 -67.2896286886
137.925591436 0.554341563376
46.7561722005 -52.34062789
217.390359713 -71.2449587977
18.93316535 13.898235529
266.861043745 -26.0835545982
212.18423968 -61.072198946
158.896209721 -8.30342329808
94.8679034024 11.3264441886
346.818576778 -18.248159401
167.589551687 42.5063165803
148.279597489 -15.8278811754
215.609336989 -40.2359573848
329.738616273 36.9180697081
282.927183211 24.1745200081
225.436278355 67.8457956466
23.8638729491 10.3112397833
203.422381902 16.6576034212
129.764925374 58.3841125043
173.633292366 22.4205138094
26.3144934693 22.0472098784
343.564743111 -29.816081845
6.47026731736 -1.53404428972
339.226544657 -8.03138831548
139.772134125 -32.9697699203
205.45894507 26.9079469296
343.282273393 71.2410990892
36.0857761744 2.7849418369
309.503687001 -8.42789631031
118.700477182 -1.85684750295
145.174439748 14.9790167776
235.925866552 -76.5400637174
163.558216864 7.63462439714
214.328622189 -35.0283708568
343.81789219 12.3751332503
44.7630915145 -19.1825629571
16.7764216083 -65.0201112918
12.6405967294 -10.1961030906
73.451731554 26.3977980164
111.003354425 54.4246025457
215.572621605 -36.3991730324
12.8129743959 30.218931256
126.369077232 -74.1096222522
153.353342192 62.9101701352
12.6573649445 11.1872126531
166.199389489 34.1574323219
261.818667696 -29.7944323779
347.623083565 14.163886599
197.810686513 5.38600670999
202.042413219 -56.7541150944
195.922623446 -2.50297274144
128.688235757 77.893922632
318.294056955 61.2850727105
330.5113598 14.4887217101
85.3444491973 -45.0888090059
245.681006496 65.7415448399
220.11904974 -36.0480166805
314.488216287 13.5210075707
331.506911349 -18.2029933062
11.9225877328 -16.3334633866
254.447838463 -63.9182084326
20.5263081203 -43.1125238647
141.64112689 27.702628869
271.47876204 -18.7184553738
242.511981161 -42.2591487941
203.489604357 22.8953702593
33.4677486321 49.1667901178
159.495738428 1.34643552242
12.0137875615 53.783791864
67.1322293018 -13.0025734614
181.369428638 35.7788148429
351.558946338 6.40816990412
354.731196209 30.9329319086
252.870409848 -50.2052389056
17.277172476 -4.58668518051
193.544451376 -30.7364458403
293.589959317 38.3465946698
82.2413794472 64.5662328879
39.4267645761 -19.6089562172
225.632093937 37.0158817691
230.843213254 -46.2537915274
284.819550387 -20.7717312182
271.672296424 33.2911706832
345.247088075 -66.992565949
129.623431274 17.805781573
293.680386737 -3.03322103369
312.012120897 48.3138425726
169.710280629 3.20727766732
281.471933879 16.1901756086
282.329005789 64.775023552
174.870942293 -12.7637394806
17.1795699554 62.2415290212
136.232706268 19.7491236694
315.478031511 -41.540481718
91.5684167448 16.6443059509
22.4794468952 54.4277582439
76.594256225 -13.5269937233
31.2825880583 74.847531149
198.257660317 -2.43901256751
113.215711362 14.4992934085
316.806651476 -74.1817716657
191.517207563 -29.6660476129
289.292984924 38.4079826879
131.302050548 -34.6614124087
359.989254793 57.1119229876
333.217017527 -54.8449843755
333.828041817 49.9914108845
57.3042882549 -80.2121510528
304.807160414 -43.9417064705
271.856108293 6.946450023
239.66382751 -51.7112958606
293.424795539 38.356750111
105.555468126 42.2518317461
271.404267376 25.528557293
237.354999325 -3.75036588892
329.153363798 16.6303920916
199.467546849 -53.8091256057
304.819831945 -60.4540883791
291.529550777 -15.046120679
19.8956298395 -9.23680990807
143.918230418 -20.0982746126
271.17993158 40.1355969368
230.362978901 -59.5163552773
306.842534015 -30.7612093812
3.49489407525 -55.1045719199
187.804366556 52.0468480048
120.808659718 27.1474402211
86.3838087166 -3.26421973296
298.879486794 -18.1245684686
136.669364821 -31.2342530682
131.522740221 -69.8865215845
240.38549939 -44.5309881117
139.867291714 58.6814348431
277.613882931 -10.2558075736
174.743042781 16.2119009625
22.102073372 -22.5406270283
338.615050358 22.1821846762
358.934044323 -1.0474424115
106.424795905 14.1578563008
158.084181021 23.3748127476
291.447676793 65.1276257424
310.163548269 -27.7212953723
112.891697343 23.7202104321
164.36667407 22.6652518218
94.7774031208 36.7380790117
162.282230227 77.8248667214
289.31589536 37.4409723563
228.707513016 -32.3730339448
133.553284423 -44.3659528114
108.48955922 -31.4216872733
84.0653914992 -4.60027976924
194.743343818 38.7287697504
112.066072845 41.8368154785
201.08959017 -40.6002435128
231.961599591 13.6790933691
301.57020922 -48.2190344102
316.949896487 -8.54886453016
197.741808614 21.2608353065
331.652555759 26.0860776446
101.095209164 -4.01415628854
355.101368816 52.2430919009
2.96213044162 -79.2483004512
323.481798276 -26.4370126339
148.928855043 28.6667595407
26.2868297588 -11.4613152249
107.179923282 37.7381779943
186.012295197 53.040667887
338.521976835 20.7994232141
164.05275473 5.61808978668
296.686521324 14.7684275759
307.323532959 -24.270634037
142.690601435 -30.5267712223
348.94359626 60.7933245354
89.3365142111 -67.7973432352
293.612732528 10.4686063307
325.708366819 -57.6342663979
277.844843881 -35.835783362
274.997154219 47.3055680318
331.102712166 6.00494269316
168.827852156 34.5367527813
306.515938341 -81.8874158248
202.099439933 -22.4376561514
94.5462738945 -35.4768169296
5.50029965753 -31.5365676534
142.429583247 -21.3529411529
56.2850054226 1.93608560917
18.0091177295 27.9755707229
253.861841091 17.8107972862
226.673099254 26.5052010818
293.937064035 -26.1349905467
250.802177042 49.6203353481
158.420508125 -32.1020065709
173.402975574 -40.6027504372
197.155475601 35.230096695
322.370399758 -20.0324811947
7.19104235181 31.2522438816
226.990247914 -36.6120629541
114.651756684 62.4050973416
278.412923638 11.446289131
120.004578539 -34.3349409616
132.316809104 28.4565573833
259.237916339 34.7434389168
284.472702115 14.8972076476
217.208582756 -74.6688622042
98.6147883065 -1.94149718765
154.890791237 10.7990247553
346.930288012 -54.3721175234
239.365312232 -7.18003836936
238.204706898 24.7683333159
52.2653105801 -51.168746839
203.570471428 18.2581536172
98.8626589803 -24.6843708228
35.709352056 23.5564585306
297.004493385 44.9140825609
236.895068299 24.4700834926
104.960136521 60.0356112884
195.707729795 58.2669524683
314.274699868 82.9418563424
155.934134953 25.3813133784
253.685769788 22.2669156266
220.815462794 -70.2009025104
151.036437397 53.3310374705
185.789741777 14.6142136421
231.314978291 -13.3651159255
75.0598479901 -31.9788958294
254.422555576 40.737197599
349.085214989 -28.2378653785
356.338480986 7.89288010648
330.174881183 -17.9551143785
90.6904631975 -36.592112546
287.836261588 -30.8195325735
145.488010791 -48.6072268607
348.615593004 -47.3085787243
318.128489783 -8.15241731364
128.739893947 -23.9960073148
206.32490103 -35.8293644339
28.251156578 -10.8741547282
312.056117783 -39.1595352616
210.888142965 7.22023777932
252.923219696 -10.6089228818
149.518253157 55.3098383354
168.363215466 -48.5492717187
241.80154613 53.8963181728
225.082234093 33.728998867
175.796768175 -19.7258157616
79.2066057345 4.21223798823
16.5131526864 -30.8973969687
13.649227751 10.8625113802
249.763484636 5.90503857199
90.5853230335 -34.662916374
351.52806029 39.6115359218
17.4401025473 58.7111816547
75.9331025068 39.6916634226
188.533619158 -9.10410461703
154.109439158 -73.1897405681
304.699694435 23.2883430397
204.793230309 62.5325558231
17.4573371581 18.2084943272
248.43015706 -64.6185703168
190.711392404 -28.171163824
40.2022371878 45.6344441146
255.462214055 -34.7559132244
45.7344467248 20.2034653959
159.979758057 10.1485119416
331.997543972 67.7559834734
213.447896984 12.5169326785
209.764768051 19.5042470548
146.187490252 35.81289876
29.1649601973 -53.8266851075
278.590644287 -65.9940192955
189.634846594 9.11637356348
253.945741572 -26.5076446145
314.789260071 -32.446307668
274.894593804 -11.178761329
291.847289703 41.0313950371
358.336681917 -31.9794594236
246.173156389 67.3860528438
278.257103495 -15.7887404298
28.7940182461 -21.3587601665
41.3840417083 -62.0293366035
87.0503324744 67.9439105622
56.1549810506 41.1350817731
335.936157464 -17.8933399845
34.0799092265 -12.268654736
214.00610703 -23.5709075828
167.893621948 28.7909594016
166.45822201 -64.2095775014
1.64995677452 -40.5211436356
265.004604812 -52.3698607199
235.591839357 42.940904355
132.298145024 55.8750883625
163.279304157 -41.289475015
136.747859257 -34.7107643527
265.644869416 -64.3796389073
228.959958915 20.0275991901
349.550628187 53.5707279546
349.684394435 44.1228404911
109.751790018 -0.347345036618
76.3003319375 56.1196029416
93.8764453133 55.8051537996
180.489093604 -58.7725331398
130.535756776 6.68237710322
295.694765241 -54.0361608797
264.322812743 66.7212736409
223.93077781 -56.3652373582
247.778166315 -8.82034864782
186.831454808 -47.629322408
21.3578264955 15.5582896182
162.634570881 23.1851651084
79.2101239191 -54.3511260297
152.964959735 60.9771505713
51.3153449914 46.6010438468
176.574608054 2.96872046538
53.8548866196 -29.1748803446
270.834547328 -79.7085356966
218.612609223 -43.7703089053
71.3044820331 -23.0673328037
315.242194997 26.7438313904
350.503450186 22.9766441807
340.902314181 -10.5056035865
236.532453805 -26.8541610653
78.5934314949 -78.9528337861
278.048413778 -64.333919634
149.394755726 -70.2455728937
150.943705535 42.7376225228
153.725779528 -44.5990948559
302.10401979 42.3399470047
340.411527472 -18.5901601714
38.7625822082 8.27797983154
252.688891955 -27.5659698979
21.991838974 -48.4776906192
168.549054029 4.30658337252
25.2352765553 23.5110846212
10.4442404929 -68.8408200646
96.5670961942 -48.5384774961
308.608886122 41.5601309042
290.867733082 -58.9137727199
356.077673625 28.6637841209
342.403550296 -7.55510049205
281.730146145 -34.3451596362
275.338086666 -19.3235773399
352.867802591 -16.7531739152
135.987427405 43.5218006963
204.782611789 -60.0877965747
288.654015997 39.6410213816
72.6152482996 40.2202364995
177.199917171 -46.666050426
125.239736017 -6.05376445722
195.038636724 -12.53064496
55.7222607426 18.9071180286
180.651076293 1.26181560467
40.9130442087 -26.1781429337
91.9254153513 -11.5996193507
267.156191471 -30.4771650067
175.449867986 -27.5030542143
62.740769119 -18.638585651
77.1691654517 -46.8515802076
358.260187403 -8.67938265653
331.078117263 -5.39337480147
161.500026752 33.563081496
246.484173676 -50.7857342565
31.8513038282 3.16960574392
65.5885936862 46.5365965546
64.3981518511 37.6426645203
8.32877149954 47.6217921132
266.638592161 59.5434072788
242.843867396 -56.401755824
83.5498443911 -19.9865309799
136.213848468 -39.6208036956
213.489485758 -71.0174121831
15.3614984164 38.0526660403
300.1090135 -12.5594828194
135.565906235 26.2631361972
73.0238179511 80.4754482028
1.40005064352 41.7785183725
283.398970262 55.8583550594
1.42849204563 -63.1678007873
139.965093855 -38.0890921205
197.885942504 -27.2301734333
242.471888059 58.9606950828
265.854290074 1.78757429465
69.9612362321 -12.754828256
308.370816202 54.2713483208
115.395816807 25.9397418756
17.4430299404 -16.1961445823
143.272559763 -45.8838510262
6.87167266299 61.804459348
21.3352628108 -27.5439449476
290.245679339 73.2251085782
138.774024573 8.67122059527
225.762538651 8.99575948265
118.895964916 -44.712633158
335.144362842 68.6021676981
323.303667299 41.5752204354
268.368461756 9.73698010154
333.834773494 -23.5164174009
211.47322301 84.3710797735
322.207817334 -26.0553106582
91.6127249928 -17.6563005423
133.64631749 8.00967773423
255.122849502 80.7544283099
66.5237273669 5.48302646201
256.683166767 39.1199178711
154.854126374 44.8160581013
319.69096326 -24.3891737421
212.303829641 55.9907091861
174.874458834 -6.06768118592
87.2182559144 50.9697115823
279.964247202 51.1823612858
223.225814574 -10.1368108669
351.860338319 8.50855688448
198.38775965 28.87094624
157.496061631 70.7164424587
172.821241709 -0.554867757753
149.978333928 27.4588816136
54.5517744402 43.4507707198
102.565048216 20.8219232238
341.231166291 20.1251999823
308.77295798 44.5602952117
86.9484553823 -30.7366033506
159.334205578 70.5354717466
140.273327092 -6.9054236566
75.9563368918 60.8090243634
33.8151891001 -44.8725937477
87.6893626584 -41.2711161835
198.894698836 -21.7457492256
172.107961229 18.3528281467
51.5834909473 -9.47016951522
288.719502706 -66.4668952688
143.15905904 24.2840732711
189.965173926 -21.6105882598
301.539581213 3.55723959165
96.5857541683 -16.4398018428
266.72781769 53.3319578698
66.9279127195 -21.2538366986
99.7643117398 -34.8634638882
146.732905508 65.4829964473
357.725263242 -21.2845557752
341.471458076 -54.9669506243
143.022909748 -1.09232534734
202.790540265 -70.1379435272
263.690123404 -34.0370558857
122.739572566 -6.19292935455
343.146307567 61.5287257721
228.816218802 -62.3820964227
117.811168296 16.5259970497
275.035326484 -36.171452673
242.478986996 -47.6778707142
295.144008361 -26.1666764274
126.306019466 -17.9144633651
320.168065601 -24.9470071792
54.2876258254 -76.8157709179
358.614301369 -9.34896216453
145.695978059 -4.69621430572
6.67350580601 -22.0951320364
14.7302202418 3.61925269548
343.596411018 39.4321369587
136.673976408 -45.2059350033
285.755161973 20.8078183032
155.989163822 -12.6931250451
91.6598023837 -27.2564769852
76.9466609438 -34.8769256784
355.776773409 29.6471647607
139.487219298 -45.5050899065
332.600582255 -6.44203587456
271.237527971 -17.1259794664
26.0942710912 56.890066696
73.5871580467 -34.5004087199
224.569550938 6.44168230451
138.210283896 -21.5412907344
292.525562166 -10.1949287839
120.468660613 -49.6905315125
5.25057960715 -58.9363768735
337.259970309 30.8946337757
7.6629406018 -41.3399771929
252.097921912 -68.7775959578
178.265817093 -50.3103799581
195.594516794 -34.7864791788
129.702927202 -8.20945412979
159.517509735 2.17075208299
172.309187118 -11.7839380644
215.216215147 -31.6870459062
116.958621851 -12.5735747114
67.1978929765 -37.0659659674
217.196500728 56.4590126599
342.110361409 -50.4203074892
225.733238745 9.16022535066
106.890111849 -1.03561891925
201.053163526 -11.3851363158
4.85068935526 26.0529547602
12.7736858097 7.80792134318
108.399305395 60.1368037129
74.5994265348 -39.7338244682
109.057051256 -10.034801691
170.164258616 4.84517723971
184.300333275 -70.7817236538
290.012934522 -31.3779601169
212.064454646 0.957247417166
11.707582881 -36.1744519591
262.434603087 -59.431969683
324.883175544 -55.2563000927
261.927905701 -21.6727414694
290.671520478 5.36877647939
338.009170256 29.5404187913
324.257782897 55.9493943512
230.826594891 25.8114905471
330.908799226 57.3082478871
183.86035432 -5.60443120385
107.624387468 -49.9101091012
48.5923675204 2.63631920948
160.589882343 -26.4503843841
350.825712541 13.9497667296
333.559082367 -33.2928744321
75.7088004956 -18.3121922123
101.853551585 60.1980542214
252.792350879 -36.1919376449
233.711725872 61.9569265642
36.2088954552 -11.8784645542
345.720533883 6.74505741015
162.466407883 79.8400599977
137.266178688 -73.8596103465
242.913882041 26.5058783885
320.732799588 15.5986912534
20.5850270749 -56.2030349218
286.261457689 -31.5706131385
146.634728226 12.8901162467
19.0745825478 -8.55454359518
24.6690028951 39.1536743315
289.979667595 56.1953376697
53.3422647295 -28.0018090613
350.070497631 46.0269529131
285.962125552 41.3017516779
3.67585634478 7.88502970962
314.855586975 -19.3919875403
301.24106748 66.697927179
29.3937685481 33.4784413575
285.3294156 1.39580914426
264.565657601 -7.28918981701
124.990087076 -19.5668617367
71.9650363205 -13.512328905
135.189314268 21.9482199006
237.28220588 38.8431495661
59.5535756798 43.7044865842
301.403132642 -9.16340689552
72.9776097703 19.995190805
73.2896935443 -72.7001472185
219.904779969 -13.5328216865
25.7303319399 54.434276094
226.776565757 74.6730290876
236.006303058 22.1081700251
260.954430641 58.2266282762
348.314117253 54.6740892016
208.135627558 50.6875689056
35.1086417073 3.64004312492
56.4101565894 -39.9115004909
192.823792196 36.7655873597
109.088655669 -57.5229289115
48.1486825322 24.6631301579
162.947342235 22.5392294904
192.62248827 18.7686218285
271.591769529 -86.5521632095
15.1178351355 84.6652817308
307.146061221 -11.0590777226
142.632896004 39.1626545071
95.6203551528 -31.1394543635
69.316289901 12.1773678006
247.095146086 25.2720931493
41.3657252009 0.0972153771378
223.712629169 68.5915060403
91.798453964 80.7457973023
58.9703361921 3.09352020956
273.516269794 -30.7169600744
231.920473229 64.4829184025
222.293623212 43.9573064965
122.908381545 50.1735557191
321.952657081 -40.844028575
37.5528358247 -34.8929273862
308.935496399 41.3122603504
248.581576653 22.2605071654
101.661741943 3.94173117748
32.0420307566 -15.2967348245
334.60932724 1.44944921298
308.439392099 -78.6917316136
289.660034641 66.5422276199
236.964325389 -48.4235070204
101.594001504 20.3089240492
2.11461069374 -85.778685957
323.593665658 -66.1842997188
123.535092932 57.9190666076
246.557158966 27.8257659135
263.220198426 57.2535272382
260.677426142 20.1561578348
76.7723303904 12.1587682699
148.435262686 45.1453801448
273.803548859 78.0529018194
138.737288909 50.3532462894
306.024581861 19.8920425015
170.713164691 -37.7086196737
308.464572898 29.616260043
224.244368067 54.5838200992
151.221554095 -16.3016767503
212.761255541 4.89641925924
2.56698750132 -43.6719165414
128.966692238 26.0663616258
151.280474458 -59.0634864797
183.665765685 -30.5875282627
297.324774352 1.86106240847
144.300934485 -47.841347443
134.813004227 -27.4412168135
85.1188112629 -61.5369764062
147.884545724 -13.1330746011
327.047074177 -35.0471724509
62.661343234 39.428978968
292.143075708 -16.2745043988
53.9421214033 -3.94032323697
161.477292143 71.7715016141
286.762802422 55.5908401636
42.5484920492 -59.3682990494
238.439129307 82.4203554496
191.704717481 -49.8300066087
219.265035278 -34.3847185341
303.737206336 32.2242910634
287.76082547 -43.7408146314
135.3019959 18.6957877979
33.7937371123 0.137968632822
190.179042663 -37.355694008
241.05826648 -26.3951151447
243.770255218 3.15714284547
276.045457872 28.1406981992
242.566344414 12.4588574532
330.152484067 0.308352386098
110.419562355 -21.3164614705
15.2315309324 58.1350789592
98.7671972057 8.6896973316
166.297704872 -48.4662863022
310.297518857 -17.9224014952
336.172407244 -6.88486995055
64.9993286365 73.4872488474
61.8750276294 -46.4770816679
139.811073807 39.2190488315
125.200413639 -79.8312542398
70.981369539 69.4810748341
303.691617346 57.1880993985
65.0843400641 -24.4570507092
231.479176671 -49.7750125666
256.514636902 -33.5129436195
66.8429610152 9.54401420536
19.3704473891 17.6294210325
20.2290228276 -22.5930240746
224.671375136 -5.49742068867
143.962394756 1.61786428127
206.433849957 29.7435699807
101.16429785 12.4618081231
192.234485498 6.42589693358
330.908033869 23.1230455654
122.56825751 -4.8754330274
277.441502085 27.2263448724
237.9862772 -14.9724096049
107.361783099 16.5491432187
166.470006878 29.122619544
358.78528478 -14.8766531121
254.87723105 -63.9784671211
63.3331765896 -81.1724522039
253.159019621 -14.5416272382
317.755111706 -23.2021817017
352.859394792 10.8093799517
147.933895117 -34.606142432
69.0096244798 9.37453233432
144.33327163 37.4019778218
185.26272668 42.9703897015
263.356272457 -10.5270014136
54.2415126158 42.9054338101
56.9283602256 28.2403218221
113.494142151 -24.2969969513
252.873982869 23.7313016516
234.840517468 71.6913123384
20.7801189449 62.0044079136
52.3358509428 -9.62816071052
275.632221963 -4.70298885861
21.1163130945 -11.2799601745
142.686491327 -65.4146470163
333.552267066 -19.5592840024
23.3817209007 -5.65106632198
265.198526433 35.9307200778
236.513548268 21.1368938333
71.3325278157 -38.4041250648
244.520192559 -50.133580545
109.40611252 1.93290058733
238.429837731 -12.1920117678
245.723413971 -83.4843362392
74.5467898947 39.473655503
322.178228127 19.9476612234
181.372029003 -77.7619436885
29.5426165347 -28.5069298884
75.4891820263 35.6745200235
157.393988659 -43.2203778641
177.932353081 -25.2901370925
111.360638587 -19.9496278069
358.542478395 -36.4099612214
315.330593224 -54.5335309545
130.85308076 46.8100206801
121.916356991 49.2878411153
103.019947357 23.3433291059
314.27543455 4.96143349328
265.192546626 -69.7020988215
158.942678287 -3.97023768881
180.498350475 10.3232473444
154.550945446 -31.3176682634
96.9702852045 0.0836008239661
103.117658913 76.4941150294
149.37126165 32.810383296
316.634984848 52.0230639622
116.437976456 32.8065520791
359.876000323 -54.1170509189
288.105482566 -32.1657371018
245.458097467 -32.0947405427
212.947746521 4.54023050736
181.294529438 8.45890390733
185.530421116 24.415815922
342.370445618 52.1379104309
246.160634355 -34.845702179
0.525083743882 -36.1900122897
233.49032082 59.7267232527
111.698933468 55.1836263063
170.776712228 10.1992111977
186.002402115 -37.7649360294
239.189769703 -24.8237134608
161.306009669 -8.262442318
49.9355863872 -33.4186096066
90.4967595647 -34.2332916093
10.8049302905 -72.1357770062
45.6190790086 -3.86092701837
126.482643629 -10.7323749192
74.3031516335 -12.3444459804
4.48723957169 2.72368515582
31.9568973567 10.7020135246
72.6762551768 -39.3790107689
44.3953266133 6.87224384558
49.714724345 74.7671849972
4.04471911215 26.5453780687
205.452805129 23.0045473637
137.629020576 -66.2181621895
347.552833793 21.6644644469
288.755412187 24.1374366016
165.083492332 35.4508907309
165.651613546 81.7843145737
89.2413817859 3.24474810995
276.499180995 -35.291551861
276.393368648 -67.8378599743
228.081650593 23.8191293447
233.136739712 -9.14370726679
329.151025477 69.1978450452
55.3953543296 -11.1294282166
97.8019541172 11.2385057019
308.184923578 -53.6890137544
67.9506740564 -57.3382368226
57.067869294 64.7048982518
109.19385499 -55.1340798194
309.819332446 8.30224683122
186.360892017 9.24896669859
143.829947389 56.4106303822
20.5966148144 20.6259498342
242.777412501 37.3707327501
339.733747028 1.86515257086
108.714917793 20.0116346639
89.3622566322 -61.9483614876
264.075322351 -39.6534691319
153.940592317 5.53424139115
251.282608239 -36.2427516676
215.799121598 -41.2744627363
211.883068986 9.32184597636
105.808012731 -69.0044382943
264.028900321 58.2998620899
321.214524343 16.7290349509
314.09524584 -7.26086928909
121.19498562 10.0894118305
316.375876367 -69.0017550644
126.084006642 -29.4734436158
118.593690096 -29.1592327076
128.552255177 -9.75992812192
198.755295621 -53.7998664918
56.0061761997 31.8090435924
65.6552391604 -24.3793318274
51.5996709267 81.3146296471
161.162507018 38.7014556209
347.917816443 13.2710384554
155.055863128 13.1275473123
62.5230504199 8.3262403723
271.527646307 -46.1861207166
354.921942424 87.0135941833
50.9631256544 42.5201264638
112.904125702 49.2586694653
150.450487667 8.1586320311
16.8106166234 64.9243089796
170.253577448 -49.564704458
214.012273776 -34.1396023369
347.83003084 52.6874651008
130.61146584 2.52510777096
197.479310006 55.3012155574
114.981330683 47.8438393017
323.459135436 63.2071819574
68.3696989793 33.3667498863
268.87614727 36.1476209428
140.17303741 -45.7898249887
251.707453737 77.0543270958
331.166610693 40.7515246973
80.6953011647 -70.5956804831
101.325296363 -42.6834197587
162.065825635 21.3057199122
314.974735493 -2.80945804326
105.327654892 46.3646484891
202.46388114 -16.3939703781
300.273028424 -4.315041711
264.634823738 4.46532305688
82.7488691818 50.5301842347
61.6494240308 -42.7884323428
156.749611909 -22.4621184272
200.686719251 6.58207158395
29.958899962 70.0659278865
66.3911846825 27.651510238
160.129839649 -49.2493024335
346.583038957 -32.623697228
64.4473066104 -52.7065525082
9.67535528455 33.9009201445
244.474373584 -6.69643131557
293.781202853 -22.2121875491
111.412087961 -4.41797579839
43.1123136083 72.0255634289
206.846687436 -39.393643804
78.6353577126 -47.6189849326
310.792466462 53.7671562086
91.5226543245 24.5896968842
208.312534404 -37.0465064106
74.9698579939 -64.9340394652
126.817908582 -3.5572065159
141.508311539 78.4837132624
93.428479245 -10.0353688601
327.073926915 47.430741983
155.552082802 -22.3445044992
4.86207967103 -37.7733519392
150.937715918 -77.2505650399
235.727178262 -9.5581144693
307.773353573 -6.41145997789
162.240392404 -25.2156004724
50.7002202048 -43.1551032697
180.793565749 16.8795984247
265.629719974 32.7390614264
150.94271952 -45.3573227636
197.338996429 47.0573965206
327.435762973 52.1426693273
155.196705292 -29.773912538
100.900261832 -19.3272830214
111.283431362 -2.63552592594
14.4998771768 43.2809063531
311.217151673 28.7021227679
78.7146318603 20.2435709391
102.176134959 -10.8309890798
146.16410308 3.59135828207
176.013698734 -16.6988151503
80.6335143133 68.5356697609
299.451174562 -59.1265749212
96.5783696631 5.13524865411
9.35549693414 -44.9480831612
38.6654959174 34.7353655506
157.155250927 -56.9200579454
122.53142927 -14.3676594043
172.845964122 -18.2613866214
249.508250987 -49.3703502856
234.030160838 -6.04402257603
312.072674067 37.2704622905
252.932272449 -30.898203777
131.759199725 12.661276459
50.0073962719 17.7880248644
238.161425665 14.9214848775
240.477077704 -2.65883527997
89.5789925618 -68.4157754385
330.153805597 -75.3070458613
244.44865479 78.4999358518
198.733298345 4.85246143922
351.79387335 -64.6894195444
237.769669305 -16.7855409331
74.2198877348 -0.418456397731
269.427474733 24.9502053422
268.582799528 -5.96713475271
324.311569268 -37.374932577
75.7175901847 -7.18367591031
42.5634455076 58.6311271788
250.704318724 43.0804286831
125.726592712 6.88107887837
51.2587476945 -13.1806881322
106.888605458 47.4964623696
135.329204381 -69.0493098698
153.46130539 27.5953913279
37.0356299773 -21.3319505953
58.1165057655 -59.1888781284
118.329445175 -47.6963198268
239.278267027 -6.81674028145
195.525563776 -7.10974547265
235.96984701 -35.7340703942
256.401965122 75.6432298271
261.104073202 44.5768260872
319.218230492 -14.4063788822
302.317949753 -43.4653114174
222.889762964 41.460085754
288.02530427 10.248842557
290.949993917 -78.6128644057
235.462649346 44.9653171519
311.339033789 50.1701898275
350.734781964 16.8452298122
34.8411360681 -6.42285052532
244.498723331 6.91800731688
183.768554857 44.212851049
41.1202758201 5.67787009745
90.6956712035 49.716982276
241.326529701 -61.8962472604
114.979765158 -52.8445722044
65.7640882142 17.362802044
209.141387954 28.3163063976
166.359333804 -47.709982566
316.464544196 -63.5983139754
288.555074015 -7.02761073967
271.370713351 4.96231768633
204.889189196 -34.1970500053
305.342864114 -64.2421274096
132.688920988 -1.71941751323
147.786407478 -28.4482547624
227.710379094 9.22504033478
228.98663923 8.26414142087
261.386290292 56.6222952453
256.63055831 -1.8171672381
131.621257569 -18.0899858679
77.7892112196 0.12290396164
196.348347035 42.6173118849
156.941245861 -61.4229358869
327.604925894 0.16918550417
60.064798475 -80.3936238871
247.988310388 -11.2043470773
226.993578682 -52.0908634665
293.978769041 -0.150611022362
272.425128179 -26.0954029949
202.495781191 -24.5843825573
159.154638256 -21.1962015222
279.709564677 6.34399436126
206.347957012 33.2572437164
75.7191527329 -31.1039959641
267.161982224 31.5256877509
326.39650912 32.9584762549
152.377978675 -47.6031157004
345.828122469 -73.7418155945
90.1922008916 44.0696942687
337.433258498 -42.9982550993
305.845016688 -51.4774453834
332.23654379 -62.3251180596
96.3752880286 -51.4138509255
270.366324138 52.7712477753
358.57580177 11.7162053684
90.8205834132 18.0711148361
24.4532802356 -58.7458085142
52.6856120378 3.90169966249
25.0283342836 10.57334703
247.491632113 -7.66401474761
336.383225432 -72.1229707907
284.100694666 -10.9272557196
105.421695029 63.5667580666
61.7629932845 -23.2445092323
161.968675687 -37.0764861889
242.553769986 -2.2621126539
20.9578201495 5.24824999895
218.494132714 21.2174262979
112.612276848 73.4918069406
6.05977377158 24.3448808032
66.3900385627 -34.0105537035
191.639500725 11.7042975872
267.522464497 -0.875742086244
230.611625275 -15.2576155606
80.1148455792 -31.2105031206
245.671655522 -74.5027829246
54.652413878 -17.2683162729
284.790089641 53.433777818
107.606504558 6.4629599824
57.1872024495 -74.2074873405
284.521996117 33.6637799734
296.19550846 -7.96939243779
0.986898981365 19.3996070683
87.2349886996 52.6140380689
112.636262915 -14.6353340167
337.947427558 46.7137824692
330.776519658 30.2947631574
16.3361728278 0.891481517825
234.03674519 -18.6554626425
100.963831101 48.5518119665
298.190804179 -43.8660005283
11.9656593952 7.33860211138
356.685705451 52.2248862758
29.5826980269 20.426057215
106.690357308 13.5867440631
82.8659292097 29.4300644994
336.073286357 -63.1651022261
216.03223574 -66.315572189
168.205126247 -15.6200995096
57.6964368652 19.0802557342
328.144336141 -17.4636054325
129.213838433 85.7451396474
79.92007046 -56.528935509
28.9073660927 -9.20413272662
207.892254759 -71.3683409845
331.602294502 49.0184671967
24.4425948653 29.924231858
210.10732918 23.0842075926
303.049300575 -44.6633587401
317.374041735 69.6709228023
283.795939313 -19.0009113166
63.5059379073 68.4892743434
105.410923601 52.1268569623
341.238509739 -42.8903087406
141.053240326 -0.269637929635
150.438583318 -33.5639723844
239.1783002 54.5840418586
222.568572167 -28.1481061144
315.424080158 -5.39932575744
220.666790064 39.5499234351
139.747566046 34.831591223
127.106104993 30.4532538087
94.4154196828 -21.1985357784
324.884498429 45.2813537445
319.231993853 61.6762870144
188.419878337 -14.0331092552
13.0887830944 7.31917071899
267.391192001 -31.2187729812
65.3930772871 5.53977347927
243.699873031 42.0304504428
39.754956402 -76.4071468282
66.7826630321 43.9232330487
22.2732822037 -59.1977025424
224.028335185 -45.0188417292
144.199667305 -10.8575823074
83.5282908199 -4.33466839817
61.8471629779 -8.72253959866
282.384461189 9.56650664237
73.3762300794 6.14569944577
335.494084816 -1.32653485034
26.5891405306 32.6378974776
89.0026013699 3.78725498632
204.915178403 -17.2488120258
209.099221023 -12.7428189825
202.601482551 35.665521967
174.690094237 12.5043465757
347.905523743 27.1317186636
227.974501225 -26.9303960614
123.526605425 8.27064408336
273.141935847 49.3517962439
194.212866724 6.56349164494
286.208337218 0.884950760843
156.416376745 4.14150249495
94.5505561505 3.35421305167
161.841285062 -31.2973802183
116.289823487 -30.0295665166
37.1824341385 38.490649148
226.88675258 56.8368427635
178.081174657 45.3938956874
142.68590989 69.2741906451
65.3207106017 -83.0418784802
69.5732083105 -44.5838528261
84.2693377544 50.5032786805
91.4022425061 -22.6408049545
74.4097869462 -2.33858409786
7.64093461265 -61.7795719272
329.428095253 -80.4424412532
17.6872501865 -14.0434387531
147.807299326 23.3861500806
317.645747935 47.8745897432
311.782857076 26.7957064865
231.951271547 9.68791693255
10.4173694705 76.8209849295
302.608865262 26.4843534742
81.1171812295 -39.6591928464
142.361632383 -64.2976239677
268.055410711 21.7481173961
22.9048851827 -27.2309238321
60.7445121268 -45.7566909299
347.238088928 -63.8966111694
294.607245204 40.9336319545
276.924501768 -14.1287498498
40.0910598697 33.2784236803
337.711808342 56.8842250671
186.385370345 1.26639319157
118.46207669 51.5940052636
69.6592564643 14.6362106329
353.817192501 45.0601931614
8.27835584111 24.9736026874
337.656524119 25.3362825881
273.857204956 -9.5485474708
115.595013733 16.0912817498
152.419195235 19.0536165976
164.596159926 -9.00398478686
262.737285401 -47.5597220852
119.897361714 68.0144809897
339.772066582 56.6965475445
58.2512346152 -23.9599301872
150.701367766 -4.50218526398
98.665182058 1.87261945238
97.1920874379 -30.483177725
239.669214393 -13.9516012485
313.180702001 -10.935013062
92.7108939402 42.7675017111
302.033320069 74.3660806074
311.756554593 50.3529540401
178.5475334 17.6450794751
197.58625058 -21.0402735462
327.129283624 -47.5116981482
195.237537879 58.6785590653
18.3066390648 -21.1243292903
328.40912145 -40.9788385797
121.773796819 -20.3605790565
214.892844459 44.6018251494
337.50397683 -4.04567988721
98.0337591692 -26.4961108127
134.770608114 -44.5857259298
158.496147339 -14.0521237903
315.649053461 -37.8629719001
279.881344063 22.5143730125
160.546537165 -27.8083205956
23.5492916812 -11.8947678366
46.2795382733 -62.0368243687
39.8397680595 40.3699487527
142.975330586 -25.4849978016
324.511001061 23.1855184509
98.293169687 18.936315547
100.795145709 -16.0871023512
313.53264609 45.6781840272
313.541137837 -46.0747964588
280.094940533 -8.10600140955
163.162323327 28.3204577455
259.752334096 -20.2669216128
156.364695955 59.5710634478
79.7774526931 15.587442327
229.801578788 27.0407205789
32.2099537991 2.46448010343
327.561914795 -56.2665747192
267.900050684 14.8965803067
212.450700833 -5.55632928857
251.465292518 47.0537605659
202.192863342 22.9217901212
93.0176110841 -33.4067006921
213.431548225 -23.4057265485
310.106016467 -60.7326278939
72.4696499663 6.48255166082
303.084414182 66.5506944367
191.100523122 -32.9708613878
251.99727343 -20.7512173552
123.816896515 4.24158877647
119.265127471 35.2212638227
43.6077117846 -74.7275006398
204.94284286 -63.7424713323
330.533635246 -15.8245924594
120.424384449 9.47577081353
251.864494589 6.70180291994
177.285012254 -30.0050839053
329.432601576 -11.2026146707
129.415954552 -80.4370836738
283.542264621 -54.5726588015
248.387625274 21.3397656781
48.8004794247 -47.93999506
77.9552448439 -0.714086294822
116.866629562 -70.4701262817
26.3594477287 -73.6293718355
255.385889948 25.9973285645
89.5007792605 -18.0107173347
216.217292241 -27.8565253722
154.091252242 16.1104128011
300.857216843 44.1963517722
139.448445661 12.3924893145
337.203018569 -68.0553100468
213.536534687 -69.1336394285
288.141358663 -23.7483325722
222.883508884 -35.9096347789
248.22949029 32.5461283608
263.00238272 3.87914312478
217.196505473 16.6981219386
209.853646824 86.6264573532
239.613916796 -73.3716965611
181.405577273 -75.4214220266
70.3148813094 -26.4726480785
183.332841451 -70.6755866008
329.888868989 6.31548959425
110.940576885 51.5171977979
64.4165898318 23.1128404487
139.088497664 12.0029255053
152.998159319 -16.5739696511
300.592678038 21.1131170476
205.222435659 -65.4974316169
14.4259681718 5.94743603901
219.149819889 -26.4786741312
78.5488210469 -21.2183233829
7.15225772528 25.4468506308
70.6539626426 35.2726189115
21.1141556261 -39.042583933
129.336735726 80.2941296709
234.234771222 -43.5694796308
221.187324578 -38.2017846457
68.5803462787 17.0848125101
164.014042099 12.1347856584
282.463955991 -56.7316892509
40.0300811503 -60.2300890526
67.5528411783 35.0496549842
71.7143753115 -21.4121167314
4.89784738614 2.25413511353
317.856449372 5.14856342914
320.887851389 32.3208621718
53.6201185862 -70.3707990903
97.0319754731 -29.4398090016
53.9059816976 -6.7044917243
33.0898010872 67.5059307931
273.578037734 15.875900379
44.5593824367 51.676683869
321.426650363 -20.1333045582
350.338576932 -52.8347222453
206.544772239 -26.0250249357
334.942625031 38.4858635415
178.26207847 31.634143084
109.457314475 -30.3705292283
31.4788952591 48.4196858829
151.670302328 4.20316969377
105.206871436 -51.7004531031
192.807371927 33.7256670487
265.420847253 -25.7870327386
308.931686079 -34.7563618587
113.208532578 -16.1103648514
134.970896166 -38.6122575597
284.138382063 -52.4621742572
56.1788147895 17.0641092904
188.339497133 12.8131637415
356.29608331 28.4111189378
246.890144194 48.8064037184
279.474549454 -23.8988154365
41.7350484468 17.7038798044
101.699396739 66.1036933437
355.710078514 35.1062325203
359.974807949 -14.8455146515
166.606901857 -57.3073611763
158.05624661 -75.6151948508
272.965665786 -76.5489817155
24.8513411711 60.7219375883
127.917601469 -9.08734730999
236.094770715 52.025542074
57.5253696568 21.282463441
167.795347814 -69.7529364647
75.0031614207 -39.5100964771
57.7503152036 -53.758068643
186.031569211 72.2526291921
125.335120752 -4.38708809457
302.924879566 9.93599362692
202.229755152 -54.1712077213
221.42576571 16.3720623835
257.454254944 27.2382018036
223.787096226 29.2854580578
58.7270367217 50.6110261048
335.884047955 71.6100266927
307.527574268 26.5779503744
11.2359324266 33.6965917695
43.4994487159 7.2827480601
106.841483361 75.5540070631
20.5902303714 -77.030170518
335.972223509 -3.6994191519
279.997276185 30.8112013702
193.950473824 -39.4410785213
212.970640141 70.6207916846
32.1401921727 21.5043124231
157.391311299 -39.2449883108
77.0538271187 11.1290795782
279.662139819 -56.3999464826
316.547477738 -19.0666513637
309.256578179 64.6514702714
38.8708657593 37.179045689
151.82822721 -68.9625072384
121.279671432 22.2836101401
260.562673314 34.4923391747
337.931903701 45.5399015229
81.8907848313 47.2455451581
186.983248569 -4.56536465853
184.341455779 14.1145046673
120.916039973 14.8938181571
201.192988648 -2.36327086937
214.609570156 1.69885675841
262.154763679 26.8353164762
74.6125354243 -53.0004711776
283.700273637 -64.0587430525
221.116077761 -36.9302788763
60.5457273971 59.825522076
105.262035271 31.4048901976
203.584156531 -17.6821148093
167.532569583 27.632418853
311.073032194 -23.5903922379
229.137188242 33.1436614596
325.738040144 19.7961375003
8.93515054279 55.7595914254
278.099057528 -9.45596815817
216.280614308 -25.8984155723
59.7773158602 -52.7926574398
134.722240414 -47.1818284814
238.553123803 -29.9337318128
244.014827873 -61.1243235638
327.659422624 -67.8582296335
322.618252793 -68.021484396
257.680178972 27.5168007257
306.534442555 -56.1184063696
219.093038422 81.0495266636
238.26455781 47.7369758221
51.7030768877 20.8148203361
334.515831634 0.351708798648
63.7136332676 39.2275991241
165.202946406 5.10771663786
266.368043328 31.2144076839
224.812319893 42.7463487406
142.323463729 -8.26554066767
109.250257868 -34.8250042862
118.000041651 35.5592613142
3.06568145947 13.0844877726
10.7747152358 31.1702974425
118.141798508 45.3168793856
192.158002079 10.824723293
310.649558088 -3.51549183169
71.4904311622 1.02080636803
139.936721446 16.27510766
198.299212583 28.4033503333
325.363769488 -6.43579582965
208.749192317 -43.4349990632
130.977768499 -32.2343958087
8.63076791607 -2.99909660419
175.443292067 37.7920783909
155.648681451 13.298760203
132.14452427 -35.7213764747
12.6254585785 16.4752940924
278.947499154 -13.2028254295
222.037073357 37.0115207484
200.476023574 49.2795328566
125.998895473 -85.724109541
299.577668905 -11.3223887886
286.097307319 25.7703448281
347.830841831 20.6630416833
200.939465347 29.2498418159
93.744058975 -59.227152968
62.6151646154 -8.15032167506
187.282532076 34.80184916
107.514261233 -50.5744253414
27.6123880503 24.6991633839
328.755710046 12.0789258457
213.202739336 64.3464930078
305.971138497 -10.2895321712
309.475063585 -79.3540487081
321.639237163 10.8254192978
37.3427562841 -39.2391030777
50.8503181112 -11.075057335
62.0162617113 66.5427668066
181.691638813 -38.764940802
105.813021219 26.6160054066
268.120428688 15.1492777529
132.7052005 3.61839550968
208.035003307 -64.6495287755
160.928071123 25.4295837138
259.2297814 -13.8284866211
70.9648842247 -43.8966556781
260.262791366 78.3940108673
15.3896176879 -0.819924600207
161.136685281 -57.8106181747
59.754516047 6.86266839735
273.791221386 17.2062095193
305.255445679 10.2707772475
28.4978330558 -19.6908880983
314.069675682 58.9356540937
134.046106944 -48.7125470503
298.004884796 -3.6998577316
261.856385696 4.42093558013
9.97270892762 -20.2371642686
151.391157835 54.7408259998
7.53474013442 67.7445047075
31.0929990632 70.5660177737
219.735057789 49.2177161405
272.557058401 -27.5664915674
137.712158478 37.7636099967
309.422397997 66.1403292695
266.14366591 -19.3038485245
251.753394375 -54.3555429965
196.63348402 -23.3560633453
313.39528773 -14.2655849019
248.587848211 -32.6435481783
216.848089703 -71.9936604032
191.634354675 -43.958478039
343.599711515 -43.22561224
225.066871787 29.5907787335
220.841398524 64.0577660032
56.7065352857 -4.80805231986
248.01902066 -20.0348201402
35.3466053868 75.3489021743
187.661797116 24.6430311822
222.315430616 9.06435018941
318.607654119 -59.6050541485
224.896353857 -46.7889437752
240.791909481 -32.2267856805
197.140829162 -36.1087181125
314.011258593 40.473907498
274.684355279 27.4270963418
188.669309538 -43.1908192698
171.556930678 75.7005886511
193.278145977 -30.6820706426
219.918431467 22.025651583
21.0775257929 -21.897491902
303.578382524 -0.212986971234
237.249619467 1.4884161255
65.047221073 7.07554847348
332.888686426 15.8686499209
207.28962884 -62.0486159695
175.762013019 0.671776488399
284.002771956 -57.6837013695
307.566530932 -38.0658855835
55.9233313001 65.8633246028
242.539427762 47.6830102753
102.383619751 -3.35703766696
126.392805056 25.1634948017
41.9007850563 -21.55627212
35.5306629509 -21.6480497076
297.932101273 -49.9138428103
28.9765546379 -58.3263520583
34.391758545 -25.2424143404
47.0453735706 -35.1977694185
242.047482337 50.6178459894
45.717863935 4.92734870954
51.2406786991 12.5103827135
348.374977023 -6.0602718201
25.7539157621 -59.4049683784
16.9764759453 -25.0570941706
339.080248922 50.2506842223
318.83580696 -13.6781326484
278.254837774 -46.2722871878
228.06104857 42.0720140307
37.9591140601 -12.6967091212
265.139152311 -15.2068061046
198.127228809 -35.3770330433
37.5644780489 38.3590886605
337.609276515 -29.5994130293
346.535605 -70.7550306947
179.681340352 62.3361637351
97.7566464419 -43.3047838195
99.2173062646 -23.8050215293
340.599261788 12.0984998065
112.474150877 43.1864535318
229.700700702 -30.3549583108
50.195386181 -14.7239124037
5.8549671296 -7.59203652641
139.649238551 -3.75034239024
264.158998561 -36.6102247082
308.309795959 52.0487970622
216.768320751 -45.0299162648
318.970848505 -5.09912057351
317.889574028 -57.1402664938
315.589329763 18.1603482473
265.209630725 24.9513732084
335.391594374 11.6311070408
241.349584561 5.85992132174
29.916351272 -68.2449418932
176.379541913 63.7731617097
161.974936083 20.2448404665
330.894540628 31.5440094969
241.594354532 -4.64280866745
212.666369171 9.42727693077
145.571637603 4.27544873129
36.88227614 -17.9856346622
168.731524665 -14.2468635268
139.511499435 10.8897544378
68.8575030574 33.3322969358
80.5843038351 57.3088821959
48.7369409863 25.3966527813
140.360149588 20.4230205543
156.422536921 0.691386330902
31.1030803563 -30.2654170583
305.95449874 51.8379077066
44.2695639939 13.5246255369
289.017325027 9.67208504696
4.21763943225 26.5377543113
61.3673318844 81.6667844543
248.172126555 -12.6558870535
165.784995838 81.0448089752
53.146077734 25.5069055539
204.064252235 38.1692553738
27.316536546 -37.1076443827
200.450536213 -34.6115292503
146.832761408 22.4048785767
63.0234689892 -52.917462152
126.174558452 49.5183496555
307.588369619 74.914703777
17.3852608398 42.580975435
198.807824975 25.8419041364
27.5370275359 39.0990879905
172.789407224 62.0466527767
301.112599713 -55.5490085825
8.27971265066 28.0070515323
66.177958885 39.0263799583
64.0982852175 -3.77738418847
176.245516391 53.6032887493
76.3548426213 -64.3806114626
348.249835714 -7.44103032069
53.1526495289 -36.7166789275
154.074141849 13.266220433
201.052718584 -80.1490460735
269.493778609 -68.061945284
298.796841342 -5.67089514531
264.887351735 26.0238904532
335.358051529 32.6046798431
57.8099162593 57.037631823
128.274680513 -36.164173595
148.241338721 38.4663209776
303.572632998 -15.1527839087
335.946635756 -28.3110736449
25.3151274531 5.67803324406
129.584622025 -16.2618632288
80.1023448132 -75.1349389814
218.133381903 41.7483392789
183.669378204 -46.5860144096
14.3430317705 0.591790060281
21.3036001024 35.1746628337
281.043788371 45.6261259827
290.081368754 -41.5001872507
32.0331386256 -7.68753977429
116.641605135 36.4045944418
2.70903914545 -17.3278493501
103.237159825 58.8669878679
326.181300445 -33.2556168357
212.795943999 -60.5298606186
119.87378462 46.0399786613
104.764834354 32.9723629011
53.1507706136 -66.680611226
195.744763949 -71.7523125231
303.250628112 1.57107987185
337.076013347 44.7281389679
275.719554342 18.3141842613
253.901316295 -54.4246965115
185.268170973 -57.7552268498
291.750723463 43.1898575577
77.1040977648 44.8645941305
229.645390759 66.2305981651
240.060989882 -2.96186374671
175.763990824 45.554550983
289.043219429 23.7903423486
15.6182564012 74.4197366023
128.966534386 -24.3509474732
145.205613949 43.0482637305
37.428852642 54.7498614951
293.544122888 -9.1144984817
38.6240333851 -12.1975678487
20.1650957285 -8.55321048981
322.555677375 39.2299887512
149.92499702 -28.8910327379
74.2333940095 -30.8116296141
356.166382626 31.0077026566
231.680610912 -14.1729189415
311.093037777 -36.7959719702
21.7922036443 -58.4864783008
169.395734574 67.0709521065
338.150157038 61.2958206012
343.077847508 -47.5429437898
1.59493660023 -62.4726816618
130.863410621 37.677789517
90.5255504205 49.6426148805
286.659600834 -15.1518532706
229.684001987 -29.1221021012
250.200365449 -68.8747321037
69.6975446656 -42.0417185735
326.697563127 31.3930680125
20.9715397658 36.9621234763
114.146707868 -1.96993438486
240.878547815 -76.2746934703
251.332282437 -48.9070037212
185.638709574 -25.3121790868
56.1354051157 -58.5809461054
139.320793025 -87.1763172364
177.220892005 -0.364049659163
36.8643227364 -0.333385767568
284.659939931 22.4570511462
169.545090587 9.88440799681
277.820707656 48.0987749065
288.242523435 -8.33610782799
130.743101619 5.25781241293
315.240986158 -46.0104846144
246.537450303 -15.1200929095
311.011492222 24.3500627722
357.693597228 -9.30496140164
276.073759379 9.91043195475
157.961730066 0.685302941449
112.878142242 50.2397732155
75.4055935744 -52.7661308317
132.870667138 12.9812451191
35.0060154858 -14.1410873627
234.193154012 -57.1767387189
41.8964069443 5.36319407584
277.703903309 -35.2272471376
166.857434647 2.90164638459
268.982848268 -55.7063550545
164.284023337 -7.18076212442
39.916139002 2.25015550161
175.301187623 -17.1530145765
8.30953092276 -1.2227606177
50.4143190063 -55.112678484
11.6092922328 15.6354143349
154.610178247 11.0644820978
133.140983188 4.51494323896
65.5729731778 73.7498214854
356.28238806 56.3009662348
123.100134258 -48.5058915077
185.893093897 49.0332431635
344.281592579 3.99326303815
27.1794841069 -79.664862075
186.550565596 -16.6178954262
341.508651377 -67.3926919146
210.126388574 40.0757415947
230.051567637 30.234588972
308.91176511 -0.284668349165
208.80909439 -22.3850994057
260.039121289 9.46101722305
91.4778267859 -34.3997223923
251.772048361 56.4370811625
268.69875723 52.7703501282
356.74123873 15.5640970729
246.797695249 -71.7729850713
300.958615514 -16.8895152813
45.2025965917 -41.8008740159
1.25152295486 18.2029792925
167.612026996 48.9839355851
199.198629779 -0.228509497034
89.9111054275 -42.9081513974
173.68980444 53.1468897989
204.451114287 -51.5774533775
112.922397372 -85.4729373141
108.355765124 -9.24642759345
40.1073885844 -30.2472851132
192.796460039 -20.2266215966
35.3849699264 3.21515036633
49.7152261326 -17.4721014756
191.480591068 -2.9779740859
242.452242284 40.0791983821
4.66800439434 -76.8848838389
315.850908063 -35.4376671238
353.997471763 -4.50021463677
175.313581492 10.5073097458
89.4399424977 -35.2815761011
339.611539428 33.463572989
350.005317647 47.9785947599
52.3096436429 57.4706346007
330.278322755 60.417049019
253.171577234 -23.1117129421
290.80423293 30.2148306604
238.994503104 -10.9277062578
102.938351114 -18.4972177487
199.415540308 4.91494809395
125.221533665 3.02437393503
97.1756908169 -57.4154513253
6.70878235781 44.4601127542
228.490984238 -26.8839238197
281.710414009 -54.8118659618
264.008356804 43.4301496065
304.798767295 61.3063999208
146.352819009 -1.42754249341
238.81829671 -20.2121573705
204.394565824 -41.2752693928
117.966015976 4.53069934756
78.5195761596 0.631264276738
260.020736903 -39.4574305023
54.2953598707 -13.7173166459
257.572948715 15.1114722771
162.38610818 -48.1787071529
302.157974446 -25.2185324557
61.0712978786 20.3019416809
276.767295464 -18.7171609253
294.137807752 -5.79475246204
83.5262566744 -23.4502415616
38.3876687138 -19.1316660951
281.762902724 -33.3593923681
94.9089881349 -43.0688014148
341.725423497 -18.9737337326
296.329197467 -27.9113419156
136.933190259 5.5880450565
276.956686923 -55.6252694778
105.863915214 24.8441176226
274.874715965 76.0261698942
196.781283314 55.4914309073
309.660073663 -53.6482172571
207.809718932 -10.6696526909
335.568068222 9.9376983936
89.3214286121 22.3618090326
148.613623432 20.9742349719
226.677500016 22.1413235069
102.413147293 -29.6486191207
78.3924159171 75.3393260798
284.456307281 62.9883673901
205.131164948 29.9890406272
268.957912912 35.2400255562
308.78118376 -25.7542021026
61.7505227163 -30.5302847697
38.1814877667 -56.5574793094
123.508194005 -2.06142016114
103.784220914 -13.9819490567
74.8687301731 -29.4356357499
355.635166111 8.72213596146
168.683392015 64.9391473109
56.4374690061 53.4858475767
101.23884569 8.09964119305
169.840114781 -1.71829543626
117.021160639 -15.7418901186
34.4056930597 -54.6120387981
77.5659094388 -67.3663032027
245.012163533 -9.35313900856
76.482085553 14.6505594454
248.882886103 34.3639791606
245.246042691 -60.6399240972
12.6153108616 38.3991574462
319.78534237 -9.57538185958
133.406410609 -9.68139831072
153.156046517 -26.14750377
280.170243832 47.0564017338
13.3923763408 22.7416739877
12.5248116515 -53.3012859458
14.6185870276 36.8834685022
286.450672292 32.8724058462
302.325246807 5.04455937889
191.03927021 7.28674723589
88.3627991765 -60.9000434688
90.1416783018 -23.7837673285
358.693761183 0.10777489111
285.578654878 19.8305194867
291.07095087 -1.34525410508
348.60463578 33.6848478707
267.441078236 42.4952310557
356.140065252 -58.9256527976
22.2825709136 -38.8419368003
200.141686215 -12.3256722451
39.8725237304 5.94313791767
220.442385628 9.22058210714
169.721823124 19.7623059651
340.130873873 11.1236795263
299.067129602 45.512037632
31.3832043624 -29.4838713944
117.427229267 10.0235852204
349.039041142 -72.5622065729
288.882846201 9.44185848678
127.721257614 -6.6659271849
200.679159354 38.5874237773
169.733559358 -9.52108652529
227.294523564 -8.43965271899
128.546555349 13.5349610302
155.712872021 -62.2113716322
106.070046552 -5.02950571888
293.16282425 -10.6760134461
134.99663624 -12.4082894739
194.142850276 15.5890147418
22.7820743685 10.5832981986
158.371352374 9.7249058242
8.51423641695 3.8074247027
159.712653767 0.0050433681565
70.0982806932 19.3381189068
348.561699709 -72.0268485848
354.60087616 8.81440565122
42.8541970665 58.6794406544
28.1891218747 -52.8537191854
103.019477451 -39.1817768851
52.5446722522 -3.43169572644
4.13691736508 25.12757901
286.073722947 2.53036255226
122.782510829 23.1683503155
54.2254885385 -85.2288811508
12.4420410042 69.9833680065
326.366971815 -35.7940972167
108.970840007 19.0825264468
219.125989701 -37.0662457421
251.46888116 -7.14968555996
41.4087206122 -55.0498449678
315.459451988 -4.47066478778
97.4138100796 27.7803501507
28.5057885097 -48.3802439318
37.0498098025 -28.3455143051
171.130855287 -28.5871730753
172.983280833 -64.8488554289
299.380162322 21.4146872916
170.211590779 25.9158120428
175.886439002 -56.3549343057
315.563084215 -61.1622592093
239.786879722 -85.6861706827
349.233261187 -7.03469079273
136.983517546 -25.0784770982
180.586580372 35.2488387472
245.619779172 52.8507383811
256.139253929 -24.0124909248
287.059304438 15.3852422183
222.233889043 -20.7627790244
88.7991373919 -51.1737512033
240.499775631 -35.7377578618
122.126292529 64.7301545655
99.0071074569 -1.92766988529
223.217090968 -1.87384381635
308.529872998 -42.8227448428
329.319772854 -59.6416145179
53.0113801833 7.23431108252
14.6566928774 -6.99814937505
246.523077734 41.1623401705
342.182940422 -65.2925961343
324.471775339 51.4354223297
120.682617818 -8.38800454169
28.4362187309 -40.0511163476
272.509122607 46.203289714
139.382258211 6.88096403432
179.923761019 -53.9483007034
33.2175756841 20.9083036515
316.9176182 3.78460469085
190.572944023 -14.8262487649
185.888408588 34.8377767064
120.393005655 72.5316173983
357.563215573 -27.1665734848
255.496099465 15.138250659
309.12955848 28.6978195897
47.1217977693 -13.6515048148
243.421619734 47.2951148554
87.3279792749 17.5430626304
15.5173301792 10.10886256
72.2588648687 86.5475184626
95.7007863763 51.2391291962
336.897980349 -68.8150643836
221.406201617 -89.0533968709
322.120815447 0.448217597713
29.8527806541 21.5224423866
234.464404599 -70.3502207925
268.900543507 -52.9376752189
175.867993227 -32.4793456907
339.780406942 10.0106730622
191.941111375 33.7717812024
249.810394038 -2.39729046057
218.613517038 7.15345761636
1.53242412847 79.4573187652
306.824728819 -14.2535171545
228.860652179 -28.3772724421
356.353665581 42.3941851626
7.86017579412 17.8930948204
10.2717391442 38.5924883798
189.716562944 -34.4033725374
29.2148236283 -54.5778529836
278.455874445 66.5228219062
256.922618131 0.344767029617
5.22360135667 -64.5228290937
175.688637963 -9.95676656094
145.566589711 60.8187095472
311.42930639 21.1619196096
197.214674068 17.5483889843
234.090803838 45.1867349276
312.312110825 84.2518708243
250.185933633 -35.0941505835
70.3632939192 8.28994030869
306.134855524 14.1609058032
11.2883522072 -37.6606398883
78.8570739865 34.7989702999
318.182300976 20.5293471151
84.8196063443 -9.78677703018
315.947229238 16.8948613119
341.685108034 -23.4460543176
133.368574622 4.08963624239
256.454095892 41.6514636319
182.469929495 48.2971805482
343.202387822 48.2204618753
17.4846164519 -33.2278642891
358.811171453 25.6213457362
21.8375000235 11.2544930026
307.788039119 -51.34319079
236.504110116 18.0424178713
279.040265513 -71.310743383
22.1685291853 -6.25385027123
37.3428130557 -68.7777219275
50.7196051257 58.2191958529
272.222841035 -59.6806244693
1.83621895731 5.91686188437
70.1418224299 17.7810804449
287.657803606 61.8076199275
9.64120875 -77.2568804089
161.919651153 -15.5040913447
31.2980307074 39.0085092846
65.3333185338 27.8987018758
156.53317171 80.9665494995
275.866355728 -65.2380864829
41.3283583148 -39.6616873328
43.3497674343 -52.4356458309
127.048483358 38.2706077145
76.2766472529 21.5689023893
53.2746287246 20.1893434547
248.790492114 50.6222957176
8.18399690185 27.621392194
210.642275116 3.45824697755
160.664139636 -0.0335681435683
298.560350086 20.969760252
49.7148925823 23.6321691751
211.400940768 -7.09035098856
41.3246915877 -63.2193177661
188.955975944 1.8161105393
161.794263218 40.8493385672
286.127391322 -37.3513320367
299.974978067 -18.1510526842
41.7648921024 1.78974063511
93.9289111176 -24.8330974327
291.731125396 13.6770520301
33.4911774259 -55.0893948142
246.38195746 13.5226280585
280.366220308 4.62535733076
55.1293467844 -68.4044181884
165.600735668 55.8821842979
49.9870960081 33.9061100053
336.14419025 -15.7770827751
56.8046505295 26.2810283519
193.042079808 17.7653222467
154.62235156 33.3210577947
52.5335283521 21.7271338473
286.511099573 13.7239326041
253.823618322 -17.4489481615
13.4514942335 -18.8742287333
132.923971999 -9.03579725077
315.97759799 -11.8399564864
303.977779935 60.9858232101
333.110072319 50.7034906475
308.289039559 79.7451471379
356.80386755 59.9847858235
86.5740133932 5.99704794232
104.05487408 -30.8245644003
314.751427547 36.8595979555
175.359025069 35.901808283
159.654484867 -5.88137877765
50.9119797765 -12.0522661733
270.272880595 69.3563228757
19.8072549053 39.7483243693
92.3602618685 29.1771244825
208.888019509 14.7383777385
240.230000886 40.1817465936
73.9589057332 -29.7208676529
202.839172344 -12.1155770818
149.683675215 20.9791842499
182.253704843 -2.36383917592
31.9887129516 36.4313420319
66.4577413045 -5.04696654025
346.48351862 22.6157992432
281.916856903 -24.5998406013
198.946527246 -44.5782534341
183.81116267 -27.3511248016
55.3660440416 -33.0784265369
35.3308525508 -46.8482261906
226.05766972 -11.8354741239
118.749665924 67.4267597229
65.2330577455 -21.0382558041
111.102917381 67.1249766695
202.345408355 -51.5800156947
241.851722736 -35.0576517135
23.7349586381 45.1029006904
311.844314446 -77.5859675925
358.689894349 -15.9523038925
232.383098257 30.180993996
245.837863198 -27.0043535468
126.44798416 -38.8882266942
89.721451905 -41.1647716552
186.34380193 36.8171839189
34.0908436698 -29.9583580462
126.662813911 49.4793887892
174.143331975 -41.6103896849
281.54326681 -6.66841221296
330.366437739 26.2279987213
64.0627792488 3.87467442007
168.719886471 32.5838454166
118.705378888 -8.66498402347
28.5015795363 -60.3926352324
336.228587336 8.74878046297
290.710854917 -15.8642591488
247.262926441 41.8807048351
148.852762511 10.7165708496
129.601446858 15.3634651643
62.1327375573 -31.2802005811
154.221933244 24.5994217631
319.952987683 -32.2150166186
97.4856348557 -31.7919829487
331.282437164 -56.7727082296
71.7978471139 29.3733751312
28.8200859174 39.5024631955
318.319279787 1.83807939401
242.270541806 26.2084975079
359.054590502 3.2838489161
136.966307944 -71.6561009699
259.211005895 86.2666812504
128.518681471 8.25397464611
153.138534471 -57.3299914983
65.9334993002 -12.3859958241
17.4711568764 49.9051233003
169.636931297 -52.3974284323
186.326766735 -15.5498431598
285.858053994 -45.4221131308
181.789225032 15.3971785165
307.390921611 24.8468982121
154.755347329 2.15676725574
113.940415361 18.594043219
155.276102131 26.5725481863
44.6385823457 39.2199458882
239.076255594 -23.2669377156
340.141633522 -42.3885221546
8.01656257269 43.3125488709
161.131327215 9.02438516549
356.926605326 -2.06930568397
64.0384292592 27.9085731274
186.994669305 -38.6688629022
199.88013015 -35.333317373
130.541726524 33.7323469332
271.644989137 40.7485415864
231.539094986 2.72755931822
79.0896987143 20.6675797086
311.403610771 61.5527805292
165.383214425 22.8128735002
341.5568462 -44.85817196
145.525670324 -3.06456636969
156.418457094 47.9971997213
3.60168261361 -56.569962644
297.21676672 62.8771463135
187.15005692 11.9660808293
269.248496244 27.1358736565
260.18585279 -0.167945610827
47.5393213702 -0.937236705379
147.275297388 -67.3416949585
338.594424982 29.2644913697
209.310531258 5.39713351633
353.011764668 -9.03933042383
276.557121585 -13.423560722
271.226715908 53.4816510719
266.555045214 1.46650123107
30.9290309318 35.1548434074
142.008499827 -20.3224091167
303.609100919 -21.648153063
213.575658137 7.79495328896
179.203679915 12.8531023361
13.0430036954 -14.3014142524
358.292446306 -37.3372481784
173.381011433 -34.5079896649
154.903794149 -21.20914616
300.407566477 -7.46131494013
282.027726425 -6.38900756966
96.6048857263 56.7145080049
358.310392661 -44.7126686504
76.1419439638 -19.7830247675
169.026921296 -46.9217927185
112.07678678 67.2568333494
172.936494319 9.98691001661
267.671567811 -42.1849300983
95.0021672556 60.450100662
24.6011908494 45.3693378935
37.7977793603 -24.8980263552
144.957823059 -6.02009989866
135.640778692 10.4603907897
172.970921909 56.5910937251
102.361012147 34.3631468491
62.1630099304 -57.2015376149
32.1563178552 28.5494843803
263.363456792 -36.2805755659
322.628535998 -54.7917642492
68.7629680704 62.7683896858
184.349491222 1.67800124837
84.4939194059 18.7467470873
32.1555659234 26.8135602767
284.57118447 -20.8432820269
314.243314641 30.5310075963
115.023770228 -11.2680490679
297.863295873 -34.8065408711
181.787506364 -65.1310342741
19.0584151549 29.911938962
159.088624325 50.8868095213
39.3850315649 -17.2413390853
109.792362411 -59.5436455464
331.075144371 -50.4527271137
130.424930968 4.67067193842
38.8500966544 -23.6908164151
280.54764202 33.9541142581
252.448429071 68.2982437457
60.9913724329 -9.38674654073
282.71759494 -11.9221938462
82.281375567 55.0535330722
339.245067285 17.2778754364
176.165897995 -30.7230364326
354.648758503 -54.081805643
21.5861702691 63.4145228522
189.45720117 79.2145840901
330.707600784 -18.8814683168
99.8187074942 55.911341298
60.3909430201 -37.2720406913
79.2698913178 8.18637587051
