78.6732187268 -4.53335991917
324.981717926 -25.3330154854
183.914105159 -69.120558088
227.597954262 -8.60024665589
252.724172643 39.0718931682
269.601181856 -43.8630140536
353.720402868 -37.5047748276
73.0779432894 -72.1220298888
293.161971959 3.81300790722
47.4210862827 -38.5430312582
238.566413273 -55.3412576483
9.40821538605 28.5377871491
215.028726783 67.4889051187
316.084513012 73.2674415472
200.761706373 -26.3465914618
244.833547848 29.4568490317
351.329565798 7.80347865764
205.161919964 -78.9828793474
279.467000039 4.90522217948
81.3226825964 -37.5228733028
330.235655188 8.47492737938
249.435334804 -39.876011861
85.1029152754 -22.1535347705
189.970937912 74.2447622253
294.963250301 -69.7451030544
138.948988138 -4.65428116994
268.495612843 -55.3109928015
338.056409617 17.8703243375
230.932360084 64.653997896
210.625087707 -40.5305611955
66.136448221 -74.4618502582
132.690109399 0.0433700583157
138.710186481 82.7577574495
146.887716132 28.6332831277
179.415026165 35.0443762063
286.216170996 -15.8290321779
173.186283205 32.7929611871
297.455452816 11.2303175247
230.973972649 -43.5190129244
333.256717421 25.6803698339
263.594725111 61.7620904312
209.484766506 9.31744428037
96.8781943605 -70.7851646337
323.726660789 -16.7891191567
56.9881956223 14.5712262383
24.1779414858 -4.19039990044
286.032155228 4.90574090361
21.5605950882 32.1511614513
254.088072852 50.9061381842
336.882229817 -45.9521810528
349.641591111 28.5665844922
186.042458823 -9.62405097116
151.890837494 13.5097938303
23.3024423843 64.103327168
57.4665759399 -45.1002071498
349.775022644 46.1685240239
124.127514481 15.7287265276
136.040368958 27.84617011
177.294409906 -22.3667019095
106.678605942 61.6080314081
214.271731401 -5.60378336114
43.3068684264 17.5998339637
12.463068214 -15.5830824278
133.756189466 -74.8990237002
157.520052168 67.5602900531
16.8158076032 56.0069616533
243.835089934 31.7887683241
113.262305598 -40.1712322591
28.2990111451 -49.9084774628
307.337004278 -68.5478470648
201.891181076 -58.5166729866
85.2068485316 6.08872164923
47.7317909448 -64.9173638493
186.466362792 58.5496251204
30.3899957056 -53.6014787371
162.578744467 71.7361923914
50.7049496084 18.0621514531
127.915460652 38.478913818
77.5194034278 -71.8641695025
194.279745617 -23.6847788374
76.8560511532 -64.8591215436
41.5551387306 -2.02587807576
74.6856031944 56.1305315638
345.900940055 -76.2059731326
87.413104101 23.4473180222
320.479462681 -33.0694150732
196.640041091 31.9039004055
304.138819411 -19.0097820576
174.739255003 -25.3347331984
41.4872971859 26.5420012244
155.872002964 29.4146422864
49.8704706584 16.5876726424
219.970859581 -29.0824729531
206.5585966 16.7348127281
123.425528284 35.7603688482
285.912115633 -42.5218660929
280.82332131 -43.6931101401
176.002793395 -37.0696168986
66.8762728415 -13.9525677963
167.719633923 -51.5262304424
206.449991918 -6.36213294144
69.8884438606 -68.9456701559
137.380151112 -30.7079804949
212.987460033 -77.3193340463
84.0295953394 -65.0876337373
282.376987656 -14.5426583775
13.8202294706 27.0095943877
107.37258116 -0.565521021857
36.7942396869 30.7053812846
252.629131357 -29.6964571396
327.193553193 -5.15640540016
81.4144772263 -42.3981504069
226.680643318 45.4036830941
262.181220325 8.89705551958
29.237406676 -46.9267263326
162.239798105 -13.0719238543
48.9989343172 -27.4093043201
23.3316618968 -65.5007046064
344.436496155 26.2822237015
136.640959408 14.8174816053
263.707290542 37.4448216517
343.597714944 -53.1784982931
59.6980118441 -9.25836198915
180.241518424 35.1804745428
244.164441054 -50.0448898178
48.262749503 46.4386070013
170.785164592 12.6392454951
339.167454343 4.67869480338
265.122946504 74.6312998946
141.138720125 -66.5697777663
113.245947576 3.68556334846
323.882131851 18.4184969645
157.844028523 -75.7165382991
14.9384569267 43.6283959435
266.584775767 61.1693342978
218.769886914 6.76879179631
24.2619701306 -17.8603854238
58.2534958718 -43.0575168408
274.312181197 -38.6579351673
268.857073755 -19.9768446364
177.618436296 -20.6211774775
176.128236828 10.4132135289
43.2520153644 -34.3393231539
129.053602776 -65.9196786282
116.135570117 36.1202812859
211.251869397 -20.8506224532
281.086252953 -33.7198005405
331.559877177 -18.5199951658
105.038028394 -25.5342045364
240.57572228 -78.1854526187
69.6685056044 40.2362932389
89.6337680878 34.9218505608
141.450604734 -80.27630214
209.558683405 34.0810867419
258.634115565 15.7504205183
2.48714336522 9.71685303672
294.116070083 -3.49810539016
298.998569281 63.8858060354
258.875065806 47.9717945887
169.176485659 46.1778215306
312.659352901 11.9409617565
314.870229253 25.4847746041
187.403000757 12.0349822391
336.314508057 30.3897199161
324.288795562 29.3454875902
257.370884379 -56.4610994756
54.462479273 -0.375842976382
131.477818424 62.3212473015
154.266805463 -4.77425529608
353.325071944 19.1161716801
346.298562218 -23.1833026129
291.073312781 -54.3695560181
190.199100432 58.2787896124
151.986082257 39.5102445192
203.972755358 -56.823061052
284.609504167 -63.5025113404
30.1500026171 24.9760926649
192.260822001 5.86863715
273.229215374 11.4120604903
72.4892081184 -8.88151343773
322.055262407 -28.4546972998
275.478872703 4.39339528993
313.827386178 26.2133297991
338.179366966 -69.2492169782
336.413683493 43.5526352702
354.022047122 -39.9082713833
225.019689896 16.9852875312
155.149327097 65.6516601625
115.089614042 -1.707496391
233.129505559 -56.1371126952
48.5846784971 -71.1840438983
251.922672616 38.223752662
326.79190662 13.7963745325
135.628379753 58.0925765177
342.605247886 52.7098540987
359.474858212 26.2982326495
269.208054142 36.5758587796
156.559667625 -51.2073215759
76.0469792586 24.9299564337
284.828724541 10.9444814463
35.1256332269 -2.3136291121
350.877499431 80.5363709916
93.605012109 41.5966136989
169.947498726 -33.2649451911
255.508514561 -31.2931706521
67.8571803417 82.1610939041
326.668349505 -36.5012054126
97.3521459028 59.9820239016
137.980644835 -28.7688611793
278.412264709 72.9272183158
12.8035074246 -11.9688266059
348.578133931 9.79339010292
85.740542129 -33.5732483342
25.6628843843 53.3091284569
192.655005719 -26.8213239861
216.012003506 26.8567653924
308.202749365 42.4201916731
56.5261930604 -8.87464049379
147.592552448 -15.3294625079
147.61830848 -33.3913514987
28.2103017336 11.262488167
320.694840062 -18.9362941804
24.9056373337 -2.98168897506
284.675630755 25.5846634731
192.500904357 -12.6263638862
207.431963439 36.7644955318
158.878647574 38.4875324241
251.782007836 0.625715480836
31.6220432419 25.2828719698
11.0404702921 -1.75928904869
243.361842236 -25.6400119659
328.006937077 -54.3029537743
319.656116212 11.1976353923
254.945270437 51.181373184
53.1784871815 -30.3446542539
168.090620196 61.1644997352
207.861489331 -49.4665611467
63.7792033886 -28.0003917294
234.669965825 20.7581608451
343.725984325 25.429809506
159.311172721 -41.0587311526
146.102641887 -68.9387650772
72.7743734488 -38.5306506335
188.686840306 -8.00997656586
152.219176828 -43.3772520743
306.399551523 -11.2883828398
306.110731431 27.136562169
260.673610115 -20.745069621
250.901973922 50.287943992
168.316323609 -16.7194449986
309.009322241 -61.2991555204
140.820840934 69.8022579473
218.994173485 9.72511972443
277.242339706 -1.36417022273
341.62145366 7.16415175253
60.581731723 73.0700708488
251.39520681 72.1695070107
252.187299045 35.3182599717
195.00508915 -52.9188286009
291.48592253 59.5096619172
178.175859955 -2.07571861166
346.460064272 -16.4249466967
2.52316133478 44.6404684201
174.769013961 41.3512439824
239.399508802 0.0115636527067
62.3882091424 0.399411711164
37.0471558406 -62.7539417454
149.786481496 16.6974780156
71.1968195429 9.32845976709
312.609642307 18.4917416695
84.0786567731 8.47772926593
52.4100947489 28.1895117434
159.253743051 -19.7513770003
255.070988203 -24.8996920827
1.07182135954 3.12353708643
260.229051982 -6.62219926563
145.183423435 1.51383351176
98.3251155619 28.5761008281
50.1393641476 1.24505325224
16.458469484 -67.8607639556
101.053125842 40.6202728285
195.546484072 -8.59695719792
81.376817976 -72.7537912133
35.7798023746 -19.0217186684
318.712426633 59.046129904
159.087727937 11.552634668
59.2895798938 -18.8172990477
340.835763715 -25.5984656496
110.278719646 -66.4634226968
346.601146389 -30.7776132441
30.5029794669 -4.58839559034
190.553688732 14.0920993298
201.940914749 43.5715851531
312.460403869 30.7481847881
257.278566035 50.5233416245
243.832120307 -25.7114110494
293.662411182 -40.0169502806
235.607715709 72.0573502322
348.717527288 -4.09238063159
261.567471331 50.4033019006
317.655054175 -57.4200804322
288.939048907 -11.1439573137
44.1622757501 -27.4210970644
144.148127246 -49.1997895554
287.165418096 77.492540251
80.2609408469 4.21354239826
285.650232123 -29.54358258
10.835486397 -60.34821329
168.813894082 71.8138437425
180.599250539 6.47701471731
78.4576735882 -0.437312305375
175.823691802 -38.7584405331
205.01812567 -56.445055228
86.2672918169 30.7459821215
177.754614354 -21.5577137504
288.370495978 -21.3981893539
323.38649377 -9.07660905102
17.667015409 -2.89192550528
32.3952292577 -31.4001405028
290.9565794 -10.050154919
0.0134205677866 22.2345431674
284.534710049 -51.4187299941
19.5082584964 2.88025519723
315.905261819 -32.3562224945
5.59782385464 -8.27512819638
86.7872811597 11.8092284996
304.895983285 7.12760561634
31.7017617574 -2.64312366263
307.907214662 60.8812441519
206.894600024 -5.1703332319
262.079768557 -15.9045218101
207.036992861 -46.1979249463
9.42571515588 38.3622685081
28.4900177593 16.6545930357
351.379245292 -47.4550743269
255.292803732 -35.0050236506
220.364932676 32.6281309901
285.961089531 -8.44618776693
36.4750386552 74.1367544377
122.141111365 -80.251419117
150.088532288 43.2817566964
186.618647598 -60.5940533749
351.166841251 -28.7458474799
167.752831704 70.1038677924
223.055940901 -25.5480632368
151.491557686 -48.5921831309
122.64720021 -62.4142051617
90.3359573519 62.4835411931
354.255321626 -58.8270762818
210.81438532 -22.5257869092
239.958097105 -44.2876181528
58.4509283457 54.4790884579
23.882656096 -42.6696917509
81.5678756592 -23.7322201376
147.139505387 37.9011057865
19.2128434583 1.09704766138
328.414596073 80.4203794186
169.182797508 37.3794384348
255.925328096 -44.0786580806
10.4933878829 -19.4708318494
337.841977626 6.45109348966
18.7603849267 43.0710689199
347.22274762 31.0894041158
58.522659378 3.87207689354
137.769211795 5.54916800912
59.0679292859 -27.4149214084
213.880749014 -42.439947167
297.844629843 15.8527236998
130.800915715 54.4939787401
17.2969541985 2.12690859593
82.0469679433 -13.9816791897
182.583949129 0.372448198605
313.827520543 23.0715823734
188.976299757 -62.7630139566
269.32048744 1.09504048582
75.4556571727 53.782615195
309.406977504 -5.62364826517
254.83173109 27.4819602391
254.913587 -36.6021584362
111.790901834 -64.30923296
202.415556264 -3.94783119697
67.5519273773 -59.9048798485
269.602926725 -26.2735094592
194.327524534 75.6311516417
144.783256658 44.2269973232
348.603285942 47.2258009861
184.264937016 -67.3317959053
102.028050644 -35.2107716144
301.278617537 -10.5110971649
350.239840058 -76.7868016155
340.504348781 -7.85664165259
18.5789089719 84.9854489209
314.657316134 -8.45286609535
99.1630922678 -35.6443641251
158.967768674 -64.1424535567
160.365801762 71.5655414922
195.336976353 0.113355232891
130.762836841 24.7964869268
182.217483794 33.2360378342
47.4262029554 -1.26938357717
351.558687456 1.48715845546
251.274441866 -8.91098525452
293.8200427 63.7100498995
215.276063335 18.1858465609
272.689977718 16.2948575993
45.5310773695 6.59068541737
251.566991308 65.2981405111
166.814651156 46.6125622396
130.840503304 -62.5737920237
166.110056842 -20.7899320192
315.703259153 -28.8125489648
274.895284691 -42.1440514993
56.5929467344 -67.2896254659
137.925585098 0.55434714382
46.7561731324 -52.3406255951
217.390335897 -71.244960146
18.9331574922 13.8982349316
266.861036001 -26.0835599793
212.184222417 -61.072199751
158.89620274 -8.30341894952
94.8678966308 11.3264499109
346.818572001 -18.2481631227
167.589549776 42.506320237
148.279590171 -15.8278761189
215.60932558 -40.2359585483
329.738607281 36.9180647391
282.927177401 24.1745140549
225.436285943 67.845793482
23.8638654822 10.311239708
203.422377359 16.6576035434
129.7649216 58.3841183702
173.633288156 22.4205169346
26.3144846477 22.047210063
343.564739379 -29.8160858335
6.47026111097 -1.53404617848
339.226538899 -8.03139263948
139.772126085 -32.9697644203
205.458941793 26.9079468358
343.282253585 71.2410950782
36.0857695235 2.78494304995
309.503680872 -8.42790218345
118.700470807 -1.85684144039
145.174434215 14.9790220094
235.925838503 -76.5400668799
163.558211118 7.63462838614
214.328611629 -35.0283718866
343.817884818 12.3751292821
44.7630871381 -19.1825608593
16.7764281736 -65.0201121164
12.6405914379 -10.1961043475
73.4517232087 26.3978025953
111.003347535 54.4246086123
215.572610845 -36.3991741921
12.8129645687 30.2189300171
126.369066507 -74.1096163022
153.353343274 62.9101748736
12.6573574071 11.187211398
166.199386362 34.1574360953
261.818659451 -29.7944374897
347.623075978 14.1638829451
197.810680721 5.38600742582
202.042397594 -56.754114826
195.922616822 -2.50297182713
128.688236306 77.8939285269
318.294046131 61.2850671457
330.511352517 14.4887167888
85.3444458135 -45.0888037015
245.681010298 65.7415408436
220.119039117 -36.0480183095
314.488209428 13.5210018558
331.506906188 -18.2029981648
11.9225831097 -16.3334647179
254.447824099 -63.9182130802
20.5263074355 -43.1125242937
141.641121981 27.7026342816
271.478754871 -18.718460965
242.511970444 -42.2591525311
203.489600562 22.8953703743
33.467735322 49.1667910576
159.495732168 1.3464398263
12.0137730989 53.7837905422
67.1322239745 -13.0025693504
181.369426303 35.7788172378
351.558939405 6.40816659229
354.731186688 30.9329288839
252.870398633 -50.2052434437
17.2771665986 -4.58668595251
193.544441467 -30.7364446775
293.589953038 38.3465885924
82.2413662502 64.5662380238
39.4267603081 -19.6089546591
225.632091852 37.0158795851
230.843201198 -46.2537942176
284.819543635 -20.7717372087
271.672291616 33.291165084
345.247092787 -66.9925698011
129.62342542 17.8057874428
293.680380371 -3.03322711128
312.01211249 48.3138367736
169.710274548 3.20728114184
281.471927918 16.1901696885
282.329002164 64.7750176119
174.870934736 -12.7637364688
17.1795521415 62.241528239
136.232700712 19.7491293186
315.478027072 -41.5404873962
91.5684096736 16.6443115458
22.4794320409 54.4277580217
76.5942507638 -13.5269889322
31.2825594054 74.8475318591
198.257653698 -2.43901189879
113.215704963 14.4992994851
316.806653232 -74.1817772922
191.517197829 -29.6660462397
289.292979006 38.4079766354
131.302042977 -34.6614065876
359.989239884 57.1119204588
333.217016555 -54.8449891229
333.828030874 49.9914061777
57.3043115337 -80.2121477664
304.807155093 -43.9417124522
271.856102218 6.94644441625
239.663814849 -51.7112993548
293.424789275 38.3567440339
105.5554609 42.2518377493
271.404262157 25.5285517049
237.354992629 -3.75036917991
329.153356406 16.630387087
199.467532213 -53.8091250647
304.819827491 -60.4540943605
291.529544329 -15.0461267488
19.8956244636 -9.23681040383
143.918222967 -20.0982693141
271.179927253 40.1355913581
230.362963243 -59.5163579217
306.842528422 -30.7612153207
3.49489584555 -55.104574106
187.804367657 52.0468497585
120.808653695 27.1474462635
86.3838025193 -3.26421437562
298.879480583 -18.1245745297
136.669357073 -31.2342474363
131.522729021 -69.8865157702
240.38548818 -44.5309916683
139.867289621 58.6814403387
277.613876249 -10.2558133876
174.743037953 16.2119039862
22.1020695313 -22.5406272904
338.615042274 22.1821803068
358.934038062 -1.04744504167
106.424789327 14.1578623178
158.084176469 23.3748171559
291.447671147 65.1276196731
310.163542766 -27.721301227
112.891690904 23.7202165078
164.366669647 22.6652557456
94.7773952231 36.7380847308
162.282244706 77.8248708115
289.315889425 37.4409663035
228.707503139 -32.37303643
133.553276128 -44.3659470636
108.489553253 -31.4216812292
84.0653853864 -4.60027453245
194.74334226 38.7287707882
112.066066245 41.836821551
201.089578609 -40.6002431434
231.961594543 13.6790905731
301.570203688 -48.2190404432
316.949890474 -8.54887015082
197.741804602 21.2608360295
331.652547603 26.0860727953
101.095202903 -4.01415037764
355.101355622 52.2430889103
2.96215384047 -79.24830269
323.481793376 -26.4370179549
148.928850557 28.6667645587
26.2868246295 -11.4613150432
107.179916315 37.7381840221
186.012296494 53.0406698219
338.521968872 20.7994188379
164.052748823 5.61809373594
296.686514904 14.7684215017
307.323527203 -24.2706399654
142.690593385 -30.5267658613
348.943581062 60.7933209944
89.3365141997 -67.7973377371
293.612726186 10.4686002533
325.708365417 -57.6342716007
277.844836256 -35.835789183
274.997150065 47.3055623049
331.102705425 6.00493780887
168.82784919 34.5367563322
306.515940803 -81.8874217716
202.099431064 -22.437655889
94.546269017 -35.4768112189
5.50029682177 -31.5365696397
142.429575776 -21.3529357789
56.2849988867 1.93608880415
18.0091081609 27.975570028
253.861836004 17.8107926789
226.673095701 26.505198795
293.937057641 -26.1349966246
250.802175625 49.620330959
158.420499122 -32.1020021873
173.402964754 -40.6027472911
197.155473496 35.2300974798
322.37039443 -20.0324865717
7.19103247042 31.2522420656
226.990237378 -36.612065272
114.651750339 62.4051034199
278.412917619 11.4462832929
120.004571785 -34.3349349105
132.316803747 28.4565631725
259.237912416 34.7434339582
284.472696038 14.8972016635
217.20855476 -74.6688635338
98.614782002 -1.9414913436
154.890785626 10.7990293899
346.930288367 -54.3721212357
239.365305242 -7.18004183759
238.204702872 24.7683299495
52.2653109055 -51.1687440143
203.570467072 18.2581537237
98.8626533757 -24.6843649716
35.7093430947 23.5564597044
297.004486767 44.914076488
236.895064276 24.4700802427
104.960128399 60.0356172814
195.707733146 58.2669534051
314.274676958 82.9418506199
155.934130497 25.3813179406
253.685765056 22.2669110315
220.815440223 -70.2009042105
151.036435888 53.3310423589
185.789736916 14.6142155993
231.31497064 -13.3651186604
75.0598440437 -31.9788911401
254.422552591 40.7371929531
349.085211286 -28.2378689073
356.338473882 7.89287723085
330.174875968 -17.9551193207
90.6904586636 -36.5921069882
287.836254801 -30.8195386099
145.488000887 -48.6072216459
348.615591977 -47.3085822934
318.12848377 -8.15242288552
128.739886923 -23.9960014213
206.324890282 -35.8293646197
28.2511513821 -10.8741543384
312.056112909 -39.1595410591
210.88813737 7.22023711082
252.923212578 -10.6089274236
149.518251825 55.3098433179
168.363203552 -48.5492681278
241.801546405 53.8963144955
225.082231533 33.7289967376
175.796759903 -19.7258128355
79.2065991143 4.21224294484
16.5131499268 -30.897397821
13.6492202446 10.8625102283
249.763478718 5.90503425978
90.5853183811 -34.6629108207
351.528049712 39.6115326072
17.4400862621 58.7111808998
75.9330929955 39.6916681702
188.533611861 -9.1041029375
154.10941999 -73.1897358803
304.699687614 23.2883370561
204.79323564 62.5325557999
17.4573288129 18.2084935741
248.430141461 -64.6185745281
190.711382883 -28.1711623677
40.202224842 45.6344457521
255.462205034 -34.7559179407
45.7344382777 20.2034675901
159.979752471 10.148516209
331.99752858 67.7559786462
213.447891956 12.5169317409
209.764763834 19.5042465049
146.18748619 35.8129039363
29.1649621226 -53.8266846209
278.590634168 -65.9940251388
189.634841175 9.11637513043
253.945733237 -26.5076492276
314.789255045 -32.4463133719
274.894587038 -11.1787670523
291.847283594 41.0313889657
358.33667896 -31.9794621107
246.17316094 67.3860488083
278.257096651 -15.7887462633
28.7940142556 -21.3587597192
41.3840463039 -62.0293348456
87.0503191806 67.9439159525
56.1549701667 41.1350849563
335.936152399 -17.8933445465
34.079904169 -12.2686537321
214.006098053 -23.5709085789
167.893618266 28.7909630325
166.458205752 -64.2095737496
1.64995519835 -40.5211460032
265.00459456 -52.3698660066
235.591837844 42.9409012228
132.298141393 55.8750941523
163.279293785 -41.2894710037
136.747851307 -34.7107587239
265.644856924 -64.3796442271
228.959954572 20.0275966804
349.550615082 53.5707244662
349.684383239 44.1228370143
109.75178366 -0.347338979811
76.3003199693 56.1196077135
93.8764357905 55.8051594856
180.48907809 -58.7725306593
130.535750611 6.6823829472
295.694759044 -54.0361669569
264.322813499 66.7212683903
223.930762828 -56.3652393729
247.778159266 -8.82035280904
186.8314421 -47.6293205557
21.3578184447 15.5582892772
162.634566456 23.1851691708
79.2101224629 -54.3511210729
152.964960177 60.9771553354
51.3153328899 46.6010465818
176.574601971 2.96872331892
53.8548832185 -29.1748773718
270.834527491 -79.7085412606
218.612597213 -43.7703103798
71.3044774463 -23.0673283778
315.242187555 26.7438257033
350.50344169 22.9766407756
340.902308635 -10.5056077837
236.532444833 -26.8541642826
78.593443425 -78.9528288674
278.048403819 -64.3339254613
149.3947397 -70.2455679037
150.943702504 42.7376274171
153.725769382 -44.5990901423
302.104012703 42.3399409788
340.411522578 -18.5901644062
38.7625749897 8.27798132143
252.688883476 -27.5659744231
21.9918394709 -48.4776908931
168.549048038 4.30658694741
25.23526755 23.5110846914
10.4442493607 -68.8408215485
96.5670919598 -48.5384717155
308.608878454 41.5601250073
290.867726069 -58.9137787855
356.077664344 28.663781221
342.403544533 -7.55510457266
281.73013886 -34.3451655625
275.338079603 -19.3235830789
352.867797786 -16.7531771097
135.987423151 43.521806355
204.782594863 -60.0877965968
288.654010155 39.6410153357
72.6152385017 40.2202410195
177.199905089 -46.6660476312
125.239729537 -6.05375848391
195.03862903 -12.5306439531
55.7222525997 18.9071211726
180.651070055 1.26181806948
40.9130407149 -26.1781412237
91.9254094706 -11.5996137411
267.156183463 -30.4771704022
175.44985886 -27.503051256
62.7407643698 -18.6385818949
77.1691630295 -46.8515753793
358.260181874 -8.67938535097
331.078111243 -5.39337968731
161.500023337 33.5630856471
246.484161772 -50.7857383166
31.8512971332 3.16960651387
65.5885824859 46.5366005435
64.3981418894 37.642668413
8.32875874271 47.6217904128
266.638590642 59.5434019087
242.843853852 -56.4017595887
83.5498391694 -19.986525771
136.213840252 -39.6207980457
213.489461941 -71.0174131251
15.3614873587 38.0526650672
300.109007269 -12.5594888693
135.565900948 26.2631418721
73.0237875613 80.4754527517
1.40003929003 41.7785159806
283.398965638 55.8583490964
1.42849673358 -63.1678031765
139.965085451 -38.0890866294
197.885933036 -27.2301727254
242.471889668 58.9606913492
265.854283804 1.78756896408
69.9612308374 -12.7548239291
308.370807826 54.2713424178
115.395810488 25.9397479533
17.4430253311 -16.1961453369
143.272550392 -45.8838456946
6.87165550061 61.8044574997
21.3352596148 -27.543945291
290.2456745 73.2251025173
138.774018592 8.67122613943
225.762533187 8.99575728571
118.895958101 -44.7126270969
335.144346392 68.602163081
323.303658346 41.5752151054
268.368455856 9.73697464798
333.834768806 -23.5164221072
211.473277873 84.3710790433
322.207812352 -26.0553160431
91.6127193865 -17.6562949456
133.646311409 8.0096834789
255.122866868 80.7544236164
66.5237205719 5.48303052524
256.683163442 39.1199130742
154.854123918 44.8160627384
319.690958069 -24.3891792456
212.303832206 55.9907083685
174.874451911 -6.06767817441
87.2182461078 50.9697169809
279.964242747 51.1823554041
223.225807183 -10.1368128109
351.860331193 8.50855359951
198.38775662 28.870946895
157.496067101 70.7164469098
172.821235298 -0.554864559009
149.978329397 27.4588865679
54.5517630912 43.4507737569
102.565041374 20.8219291691
341.23115831 20.1251958104
308.77295015 44.560289319
86.9484506971 -30.7365979652
159.334211327 70.5354760626
140.273320412 -6.90541817954
75.9563237404 60.8090291125
33.8151887118 -44.8725927716
87.6893587096 -41.2711107621
198.894690063 -21.7457486241
172.107956569 18.3528314095
51.5834854895 -9.47016675482
288.719494921 -66.4669013155
143.159053991 24.2840786085
189.965165235 -21.6105867267
301.539574806 3.5572335582
96.5857483611 -16.4397960616
266.727815142 53.3319524953
66.9279081055 -21.2538326036
99.764306461 -34.8634580118
146.732906241 65.483001593
357.725258993 -21.2845585204
341.471458045 -54.9669547776
143.022903331 -1.09232000303
202.790517086 -70.137943338
263.690114935 -34.0370611022
122.739566111 -6.19292333786
343.146292802 61.5287217502
228.816201847 -62.3820989185
117.811162037 16.5260031184
275.035318637 -36.1714584013
242.478975368 -47.6778744485
295.144002029 -26.1666825055
126.306012706 -17.9144574137
320.168060461 -24.9470126611
54.2876419997 -76.815767905
358.614295907 -9.34896482525
145.695971439 -4.69620910226
6.673501793 -22.0951339047
14.7302135019 3.61925165632
343.596400883 39.4321329728
136.673967743 -45.2059293716
285.755155966 20.8078122967
155.989156555 -12.6931204867
91.6597972418 -27.2564713865
76.9466571693 -34.8769208644
355.776764016 29.6471618327
139.487210331 -45.5050843938
332.600576317 -6.44204066261
271.237520868 -17.1259850475
26.0942554128 56.8900668572
73.5871544256 -34.5004041316
224.569545222 6.44168022604
138.210276573 -21.541285166
292.525555766 -10.1949348584
120.468653516 -49.6905254663
5.25058276822 -58.9363788848
337.259961482 30.8946293077
7.66293935691 -41.339978961
252.097904981 -68.7776004409
178.265804166 -50.3103772642
195.594506262 -34.7864782301
129.702920612 -8.20944826214
159.517503537 2.17075638525
172.309179685 -11.7839348196
215.216205099 -31.6870470287
116.958615434 -12.5735686384
67.1978899938 -37.0659618513
217.196503314 56.4590113316
342.110360472 -50.4203115928
225.733233298 9.16022315662
106.890105502 -1.03561289551
201.053155943 -11.3851359425
4.85068019693 26.0529527089
12.7736786327 7.80792010015
108.399297895 60.1368097559
74.5994234196 -39.7338198102
109.057044998 -10.0347956409
170.16425268 4.84518067462
184.300310557 -70.7817215476
290.012927866 -31.377966176
212.064448385 0.957246624787
11.7075808528 -36.1744533126
262.434591251 -59.4319748298
324.883173605 -55.2563053402
261.927898036 -21.6727465874
290.671514156 5.36877041517
338.009161526 29.5404143775
324.257772082 55.9493890706
230.826591167 25.8114878585
330.908787253 57.3082429906
183.860347401 -5.60442905396
107.62438198 -49.9101030675
48.5923609036 2.63632168354
160.589873806 -26.450380163
350.825704925 13.9497633528
333.559078517 -33.2928791568
75.7087953968 -18.3121874796
101.853542887 60.1980601505
252.792341555 -36.1919421775
233.711729477 61.9569236046
36.2088903464 -11.8784633284
345.720526962 6.74505359703
162.466426685 79.8400640733
137.266164225 -73.8596047387
242.913878058 26.505874618
320.732792478 15.5986857976
20.5850297725 -56.2030353447
286.261450787 -31.5706191529
146.634722603 12.890121398
19.0745770969 -8.5545441777
24.6689915848 39.1536743416
289.979661961 56.1953316109
53.3422612016 -28.001806136
350.070486078 46.02694947
285.96211999 41.3017456681
3.67584919723 7.88502754144
314.855581356 -19.3919932418
301.24105948 66.6979211418
29.3937581814 33.4784418682
285.329409263 1.39580314488
264.565650851 -7.28919508055
124.990080325 -19.5668557585
71.9650309482 -13.5123244314
135.18930877 21.9482255897
237.282203638 38.8431462816
59.5535645587 43.7044900688
301.403126398 -9.16341293071
72.9776019409 19.9951953506
73.2897000593 -72.7001426509
219.904772197 -13.5328232935
25.7303170797 54.4342762167
226.776579929 74.6730267907
236.006298804 22.1081668553
260.954429714 58.2266232146
348.314103977 54.6740856066
208.135628605 50.687568528
35.108634966 3.64004423622
56.4101545478 -39.9114972847
192.823790281 36.7655885975
109.08865022 -57.522922861
48.1486736131 24.6631325889
162.947337759 22.539233528
192.62248393 18.7686230872
271.591723777 -86.5521688054
15.1177645654 84.6652807322
307.146055118 -11.0590836552
142.632891972 39.162659871
95.6203499845 -31.1394486148
69.3162826082 12.1773720793
247.09514184 25.2720890412
41.3657188299 0.097217133128
223.712637454 68.5915040475
91.7984331613 80.7458029067
58.97032956 3.09352364329
273.516262136 -30.7169657468
231.920478178 64.4829156103
222.293622434 43.9573046465
122.90837624 50.1735617332
321.952653137 -40.8440339725
37.5528335945 -34.8929260211
308.935488713 41.3122544621
248.581572081 22.2605029424
101.661735488 3.9417371021
32.0420260439 -15.2967340345
334.60932078 1.44944455913
308.439393022 -78.6917375148
289.660029479 66.5422215639
236.964313242 -48.4235102764
101.593994637 20.3089299722
2.11468043792 -85.7786882791
323.593665978 -66.184305034
123.535088081 57.9190726117
246.55715499 27.8257618477
263.220196982 57.2535220475
260.677421025 20.1561527895
76.7723232266 12.1587730726
148.435259728 45.1453851921
273.803552685 78.0528961361
138.737285551 50.3532518351
306.024575063 19.8920365441
170.713154428 -37.708616287
308.464565707 29.6162541425
224.244369755 54.5838180532
151.221546673 -16.3016718735
212.761249695 4.89641839363
2.56698652028 -43.671918819
128.966686616 26.0663675133
151.280462035 -59.0634816067
183.665755968 -30.5875260935
297.324767981 1.86105633715
144.300924795 -47.8413421646
134.812996774 -27.4412111105
85.1188104152 -61.5369711135
147.884538584 -13.1330695214
327.047070105 -35.0471775789
62.6613329391 39.4289827175
292.143069272 -16.2745104716
53.9421154071 -3.94032025604
161.477299259 71.771505767
286.762797267 55.5908341417
42.548495452 -59.3682971737
238.439160876 82.4203520625
191.7047041 -49.8300052549
219.265024893 -34.3847200756
303.737199364 32.2242850627
287.760818419 -43.7408206668
135.301990267 18.6957934828
33.7937307368 0.1379696067
190.179031808 -37.3556924969
241.058257693 -26.3951187589
243.770249117 3.1571390041
276.045452544 28.1406924359
242.566339111 12.4588537117
330.152477687 0.308347442484
110.419556165 -21.3164554082
15.2315149225 58.1350779725
98.7671905915 8.68970318008
166.297693124 -48.466282537
310.297513029 -17.922407346
336.17240137 -6.88487449602
64.9993066672 73.4872527889
61.8750263593 -46.4770779845
139.811069561 39.2190543296
125.200401029 -79.8312482657
70.9813519794 69.4810792364
303.691609491 57.188093397
65.0843358048 -24.4570467608
231.479163901 -49.7750153171
256.514628059 -33.5129484054
66.8429538978 9.54401829372
19.3704391043 17.6294204813
20.2290189885 -22.5930245351
224.671368225 -5.49742277729
143.962388479 1.61786957739
206.433847067 29.7435697834
101.164291177 12.4618140357
192.234479805 6.42589823254
330.90802597 23.1230406689
122.568251077 -4.87542700815
277.441496645 27.2263390638
237.986269482 -14.972412952
107.361776511 16.5491492489
166.470003182 29.1226232948
358.785279873 -14.8766557565
254.877216737 -63.978471798
63.3332007485 -81.1724483986
253.159012217 -14.5416317966
317.755106371 -23.2021872893
352.859387444 10.8093767564
147.93388645 -34.6061373552
69.0096174022 9.3745365898
144.333267576 37.4019830985
185.262725662 42.9703917116
263.356265511 -10.5270066118
54.2415013458 42.9054368187
56.9283511066 28.2403250749
113.494135842 -24.296990874
252.873978285 23.7312971133
234.840526973 71.6913092748
20.7801011751 62.0044075114
52.3358454941 -9.62815787925
275.632215439 -4.70299460778
21.1163079435 -11.2799605411
142.686478705 -65.4146416551
333.552262063 -19.5592887276
23.3817151409 -5.65106644845
265.198522233 35.930714781
236.513543901 21.1368906178
71.3325247555 -38.4041206369
244.520180618 -50.1335844477
109.40610614 1.93290664095
238.429830279 -12.1920151541
245.723367535 -83.4843402388
74.546780314 39.4736601574
322.178220744 19.947655837
181.371996885 -77.7619412938
29.5426134624 -28.506929362
75.4891729141 35.6745247416
157.393978415 -43.2203734057
177.932344153 -25.2901343669
111.360632349 -19.9496217381
358.542476062 -36.409963889
315.330589887 -54.5335366383
130.853076214 46.8100265147
121.916351533 49.2878471438
103.019940471 23.3433350611
314.275428011 4.96142777077
265.192532202 -69.7021041179
158.942671631 -3.9702333437
180.498345125 10.323249824
154.550936709 -31.3176636055
96.9702788407 0.0836066176467
103.117647526 76.4941209867
149.371257525 32.8103882874
316.634975563 52.0230583289
116.437970222 32.8065581542
359.876001596 -54.1170534587
288.105475774 -32.1657431414
245.458088224 -32.0947445212
212.947740638 4.54022962218
181.294523908 8.45890630958
185.530417363 24.4158179053
342.370433465 52.1379063477
246.160624829 -34.8457062135
0.525081443792 -36.1900147667
233.490323574 59.7267203136
111.698926668 55.183632377
170.776706775 10.1992145788
186.00239129 -37.7649340935
239.189761028 -24.8237169137
161.306002665 -8.26243815185
49.9355836503 -33.4186070031
90.496754891 -34.2332860598
10.8049422465 -72.1357784529
45.6190730304 -3.86092483562
126.48263703 -10.7323689717
74.3031461323 -12.3444413426
4.487232939 2.72368306826
31.9568898564 10.7020143057
72.6762521474 -39.3790062446
44.3953195631 6.87224590666
49.714697777 74.7671875796
4.04470990733 26.5453759372
205.452801348 23.0045472705
137.629008813 -66.2181565966
347.552825504 21.6644607871
288.755406102 24.1374305546
165.083489311 35.4508945964
165.651639938 81.7843183926
89.2413752774 3.24475360377
276.499173299 -35.2915576394
276.39335763 -67.8378657492
228.081646692 23.8191269203
233.136732491 -9.14371017296
329.151010036 69.1978400406
55.3953489954 -11.1294251023
97.8019474076 11.2385115216
308.184919163 -53.689019662
67.9506745872 -57.3382326481
57.0678520848 64.7049015171
109.193849447 -55.1340737679
309.819325852 8.30224096681
186.360886596 9.24896859838
143.829945501 56.4106356852
20.596606171 20.6259494126
242.777409788 37.3707289909
339.733740527 1.86514828484
108.714911206 20.0116407105
89.36225513 -61.9483559883
264.075313433 -39.6534743692
153.940586329 5.53424609032
251.282598823 -36.2427560918
215.799110004 -41.2744639195
211.883063615 9.32184520306
105.808008784 -69.0044322869
264.028898961 58.2998568551
321.214517163 16.7290295179
314.095239738 -7.26087501801
121.194979384 10.0894178683
316.375875887 -69.0017607079
126.083999596 -29.4734376598
118.593683497 -29.1592266442
128.552248563 -9.75992222359
198.755280998 -53.7998658755
56.0061666217 31.8090467622
65.6552348757 -24.3793278332
51.5996291205 81.3146324091
161.162504194 38.7014597982
347.917808932 13.2710348266
155.055857687 13.1275519356
62.5230433573 8.32624411023
271.527637466 -46.1861263098
354.92183481 87.0135911761
50.9631143004 42.5201291654
112.904119136 49.2586755411
150.450481817 8.15863695626
16.8105973912 64.9243081586
170.253565196 -49.5647010309
214.012263349 -34.1396033337
347.830018088 52.6874614645
130.611459553 2.52511361271
197.479312356 55.3012163081
114.98132437 47.8438453799
323.45912326 63.2071766353
68.3696897288 33.366754093
268.876142834 36.1476154657
140.173028349 -45.789819507
251.707465364 77.0543226407
331.16660121 40.7515198171
80.6953044228 -70.5956754368
101.325291286 -42.6834138422
162.065821021 21.3057240193
314.974729236 -2.80946374033
105.327647507 46.3646544885
202.463872992 -16.3939701543
300.273022108 -4.31504775927
264.634817614 4.46531778967
82.7488589282 50.5301893992
61.6494221586 -42.7884286784
156.749603861 -22.4621139226
200.68671359 6.58207199602
29.9588769148 70.065928457
66.3911759479 27.6515142907
160.129828252 -49.2492981773
346.583035662 -32.6237009695
64.4473063743 -52.7065486114
9.67534497615 33.9009185817
244.474366676 -6.69643521454
293.781196458 -22.2121936268
111.412081626 -4.41796972932
43.1122894838 72.0255653615
206.846676087 -39.393644045
78.6353552609 -47.6189800113
310.792457784 53.7671503721
91.5226468743 24.5897024772
208.312523465 -37.0465068069
74.9698599175 -64.9340347821
126.817902141 -3.55720057584
141.508318691 78.4837186813
93.428473272 -10.0353631911
327.073916998 47.4307368566
155.552074803 -22.3444999103
4.86207774421 -37.7733539894
150.937693629 -77.2505601452
235.727171025 -9.55811761379
307.773347368 -6.41146589563
162.240383927 -25.2155963789
50.7002189604 -43.1551005931
180.793561075 16.8796008757
265.629715504 32.7390561073
150.942709509 -45.3573178692
197.338996547 47.0573972861
327.435752369 52.1426642216
155.196696667 -29.7739079245
100.900255975 -19.3272771153
111.283425017 -2.63551985764
14.4998651799 43.2809052899
311.217144358 28.7021169442
78.714624186 20.2435758654
102.176128848 -10.8309831433
146.164096919 3.59136345968
176.013690772 -16.6988122444
80.633499321 68.5356748036
299.451169065 -59.1265809775
96.5783631332 5.13525443508
9.35549642758 -44.9480847568
38.6654854687 34.7353670305
157.155238252 -56.9200534698
122.531422693 -14.3676533845
172.845956055 -18.2613834249
249.50823961 -49.3703545787
234.030153917 -6.04402556509
312.072666315 37.2704564935
252.93226367 -30.8982083194
131.759193767 12.661282266
50.0073881497 17.7880274748
238.161420654 14.9214815149
240.477071114 -2.65883884439
89.5789926928 -68.4157699294
330.153812723 -75.3070508048
244.448671357 78.4999319549
198.733292497 4.85246205777
351.793877795 -64.6894228353
237.76966141 -16.785544261
74.2198814024 -0.418451765701
269.427469574 24.9501998399
268.582792888 -5.96714021628
324.31156521 -37.3749378549
75.7175843042 -7.183671177
42.5634296638 58.631129056
250.704316302 43.0804243011
125.726586493 6.88108484191
51.2587426053 -13.1806854026
106.88859821 47.4964683933
135.329192394 -69.0493041859
153.461301023 27.5953960592
37.035625934 -21.3319492837
58.1165078992 -59.1888747698
118.329438377 -47.6963137616
239.278260069 -6.81674374209
195.525556666 -7.10974451672
235.969836916 -35.7340735607
256.401973437 75.6432250486
261.104070144 44.5768210168
319.218224782 -14.4063844068
302.317944168 -43.4653174403
222.889761701 41.4600838438
288.025298035 10.2488365183
290.949985648 -78.6128704719
235.462648195 44.9653140315
311.339025326 50.1701840075
350.734774074 16.8452264274
34.8411303803 -6.42284944193
244.498717535 6.91800341593
183.768554024 44.212853208
41.1202688797 5.67787182849
90.6956619393 49.7169878341
241.326514221 -61.8962508974
114.97975874 -52.8445661262
65.7640804229 17.362806047
209.141384858 28.3163059136
166.359322192 -47.7099788059
316.464542399 -63.5983196154
288.555067575 -7.02761678449
271.370707198 4.96231209966
204.889178704 -34.1970500388
305.342860107 -64.2421333809
132.68891457 -1.71941173618
147.786399313 -28.448249677
227.710373641 9.22503794648
228.986633673 8.26413890866
261.386288981 56.6222901585
256.630551831 -1.81717203158
131.621250626 -18.0899800567
77.7892048506 0.12290882971
196.348346209 42.6173127545
156.94123198 -61.422931396
327.604919523 0.16918040825
60.0648213544 -80.3936203582
247.988303153 -11.2043512548
226.993565105 -52.0908657847
293.97876268 -0.150617100355
272.425120696 -26.0954086247
202.495772051 -24.5843823369
159.15463024 -21.1961971929
279.709558489 6.34398848635
206.347954635 33.2572435282
75.7191486724 -31.1039912307
267.161977579 31.525682355
326.396500681 32.9584710903
152.377968233 -47.6031108978
345.828132364 -73.7418193988
90.1921921015 44.0696998049
337.433255992 -42.9982595549
305.84501182 -51.4774513445
332.236544511 -62.3251228713
96.3752840467 -51.4138451512
270.366321057 52.7712422314
358.575794276 11.7162027041
90.8205762532 18.0711203995
24.4532838896 -58.745808527
52.685605311 3.90170252655
25.0283267879 10.5733470782
247.491625153 -7.66401888662
336.383231633 -72.1229753213
284.100688091 -10.9272616966
105.421686723 63.5667640676
61.7629890032 -23.2445055583
161.968665946 -37.0764820742
242.553763436 -2.2621163944
20.9578132312 5.24824961558
218.494128644 21.2174248356
112.612269785 73.4918130153
6.0597648026 24.344878873
66.3900352584 -34.0105496508
191.639495591 11.7042989478
267.522458094 -0.875747499585
230.611617424 -15.2576182288
80.1148413019 -31.2104981089
245.67163264 -74.5027869202
54.652409152 -17.2683132265
284.790084672 53.4337718281
107.606498113 6.46296601583
57.1872141909 -74.2074840645
284.521990462 33.6637739884
296.195502123 -7.96939851368
0.986890658616 19.3996046361
87.2349786855 52.6140434683
112.636256607 -14.6353279419
337.947416765 46.7137780509
330.776511199 30.2947582526
16.336166373 0.891480646911
234.036737042 -18.6554656322
100.96382312 48.5518178741
298.190798187 -43.8660065946
11.9656522701 7.33860078458
356.685692158 52.2248834326
29.5826894107 20.4260577456
106.690350746 13.586750084
82.8659210462 29.4300696705
336.073287957 -63.1651067785
216.032215798 -66.3155733964
168.205118518 -15.6200959053
57.6964287432 19.0802590555
328.144330838 -17.463610497
129.213852721 85.7451455284
79.9200693264 -56.5289305089
28.9073607137 -9.20413226734
207.8922304 -71.3683413363
331.602283927 49.0184623442
24.4425850056 29.9242318441
210.107325397 23.0842070065
303.049295099 -44.6633647521
317.374029016 69.6709171989
283.79593256 -19.0009172877
63.5059195493 68.489278163
105.410915995 52.126862963
341.238507484 -42.8903129119
141.053233953 -0.269632488956
150.438574594 -33.5639674585
239.178300875 54.5840384067
222.568562713 -28.1481079922
315.424074002 -5.39933143772
220.666788526 39.5499217502
139.747561484 34.8315967241
127.106099408 30.4532597422
94.4154141341 -21.1985300724
324.88448897 45.2813484971
319.231982787 61.6762814904
188.419870517 -14.0331075641
13.0887759682 7.3191695087
267.391183957 -31.2187783882
65.3930704798 5.5397774525
243.69987092 42.0304466072
39.7549743021 -76.4071452365
66.7826523349 43.9232371323
22.2732860299 -59.1977027864
224.028323089 -45.0188437536
144.199660368 -10.8575770237
83.5282846964 -4.33466319053
61.8471573589 -8.72253591753
282.384455044 9.56650070109
73.3762232872 6.14570401935
335.494078547 -1.32653944326
26.5891302789 32.6378976913
89.0025948351 3.78726046926
204.915170154 -17.2488120619
209.099213292 -12.7428194621
202.601480549 35.6655221762
174.690089044 12.5043496042
347.905514884 27.1317150337
227.97449203 -26.9303984754
123.526599201 8.27065008763
273.141932073 49.3517905859
194.212861051 6.56349273813
286.20833087 0.884944747197
156.416370678 4.1415070232
94.5505496674 3.35421876257
161.841275986 -31.2973760937
116.28981702 -30.029560441
37.1824230607 38.4906504748
226.886754824 56.8368404558
178.081173811 45.3938983989
142.685911099 69.2741960063
65.3207419728 -83.0418745128
69.5732061855 -44.5838485282
84.2693276722 50.5032839282
91.4022371426 -22.6407993665
74.4097807452 -2.33857945281
7.64093908682 -61.7795736975
329.428109522 -80.4424462411
17.6872453348 -14.043439482
147.807294405 23.3861551647
317.64573894 47.8745841511
311.782849806 26.7957006803
231.951266108 9.68791413744
10.4173379399 76.8209834429
302.608858477 26.4843474555
81.1171776464 -39.6591877753
142.361620134 -64.2976185903
268.055405433 21.7481119572
22.9048819482 -27.2309240091
60.7445108038 -45.7566873425
347.238092431 -63.8966148558
294.60723884 40.9336258762
276.924494943 -14.128755642
40.0910496646 33.2784253064
337.711795609 56.8842206317
186.385364111 1.26639508889
118.462070848 51.594011328
69.6592489824 14.6362149373
353.817180906 45.060190053
8.27834676276 24.9736009818
337.656515792 25.3362781487
273.857198233 -9.5485531561
115.595007403 16.0912878272
152.419190162 19.0536213975
164.596152827 -9.00398088159
262.737275534 -47.559727249
119.89735675 68.0144870418
339.772053656 56.6965432614
58.251230502 -23.9599268166
150.701361122 -4.50218035447
98.6651756424 1.87262529789
97.1920821456 -30.4831719242
239.669206796 -13.9516047432
313.180696014 -10.9350188226
92.7108854854 42.7675073522
302.033310888 74.3660745805
311.756546065 50.3529482331
178.547528776 17.6450821422
197.586241898 -21.0402728067
327.129280834 -47.5117032715
195.237541374 58.6785600514
18.306635038 -21.1243299538
328.409118029 -40.9788436286
121.773790175 -20.3605730261
214.892843995 44.6018240606
337.503970762 -4.04568433768
98.0337536707 -26.4961049859
134.770599685 -44.5857202253
158.496139923 -14.0521194122
315.649048799 -37.8629775718
279.88133834 22.5143671329
160.546528499 -27.8083163712
23.5492866002 -11.8947679453
46.2795425498 -62.0368221207
39.8397567132 40.3699503531
142.975322847 -25.4849924549
324.510993401 23.1855131836
98.2931627412 18.9363213815
100.795139765 -16.0870964478
313.532637707 45.6781782786
313.541133527 -46.0748022071
280.094933955 -8.10600729482
163.162319423 28.3204617661
259.752326454 -20.2669266027
156.36469649 59.5710679797
79.7774453643 15.5874473184
229.801575234 27.0407179883
32.2099471787 2.46448091111
327.56191339 -56.2665798176
267.900045049 14.8965748752
212.450693886 -5.55633012155
251.46529062 47.0537561283
202.192859549 22.9217903738
93.0176061959 -33.406695039
213.431539264 -23.4057274845
310.10601301 -60.7326337502
72.4696431421 6.48255617048
303.084405747 66.5506884253
191.100512926 -32.9708599715
251.997265511 -20.7512218311
123.816890226 4.24159477587
119.26512146 35.2212698807
43.607726467 -74.7274986575
204.942824177 -63.7424713714
330.533629896 -15.8245973794
120.424378192 9.47577686019
251.864488712 6.70179845357
177.285002773 -30.0050811185
329.432595903 -11.2026196584
129.415938949 -80.4370777983
283.542256625 -54.5726647675
248.387620626 21.33976147
48.8004792068 -47.9399925658
77.955238528 -0.714081416224
116.866622515 -70.4701202083
26.3594620491 -73.6293716462
255.38588546 25.9973238534
89.5007737369 -18.0107118292
216.217282733 -27.856526599
154.091246998 16.1104174902
300.857209835 44.1963457304
139.448439862 12.3924948289
337.203022425 -68.055314519
213.536512575 -69.1336403754
288.141352003 -23.7483386122
222.883498345 -35.9096366884
248.229486735 32.5461241648
263.002376575 3.87913794613
217.196500891 16.6981206103
209.853743139 86.6264567939
239.613893771 -73.371700051
181.405549426 -75.4214196352
70.3148770608 -26.4726437253
183.332818934 -70.6755843986
329.888862239 6.31548463441
110.940570039 51.517203864
64.4165814788 23.112844343
139.088491839 12.0029310357
152.998151833 -16.5739648891
300.592671431 21.1131110028
205.222415963 -65.4974316857
14.4259611873 5.94743496806
219.149810598 -26.4786756608
78.5488160737 -21.218318467
7.15224860456 25.4468488109
70.6539532992 35.2726232898
21.1141541856 -39.0425842999
129.33673842 80.2941355486
234.234759836 -43.5694826387
221.187313633 -38.2017863836
68.5803385739 17.0848167329
164.014036731 12.1347896108
282.463947686 -56.731695194
40.0300850311 -60.2300874327
67.5528316977 35.049659128
71.7143705717 -21.4121122758
4.89784079974 2.25413306694
317.856442795 5.14855784579
320.887843323 32.3208567233
53.6201271241 -70.3707961392
97.031970146 -29.439803206
53.9059759594 -6.70448874671
33.0897802093 67.5059316932
273.578031993 15.8758947043
44.5593688486 51.6766859465
321.426645009 -20.1333099811
350.3385772 -52.834725665
206.544762911 -26.0250251447
334.94261554 38.4858589105
178.262075466 31.6341457782
109.457308431 -30.3705231742
31.4788820968 48.4196866136
151.670296236 4.20317454198
105.206866327 -51.7004471058
192.807369538 33.7256682882
265.420839462 -25.7870380469
308.931680763 -34.7563677472
113.208526259 -16.1103587748
134.970888113 -38.6122518625
284.138374269 -52.462180235
56.1788068393 17.0641124757
188.3394921 12.8131654408
356.296074053 28.4111160582
246.890142968 48.8063996263
279.474542391 -23.898821305
41.7350402318 17.7038815978
101.699387321 66.1036992692
355.710068411 35.1062295861
359.974803053 -14.8455171817
166.60688803 -57.3073574368
158.056223941 -75.6151904404
272.965650066 -76.5489873666
24.851323969 60.7219376178
127.917594884 -9.08734139576
236.094770992 52.0255388962
57.5253613089 21.2824667472
167.795328254 -69.7529328254
75.0031582527 -39.5100917917
57.750315783 -53.7580653168
186.031580856 72.2526311251
125.335114304 -4.38708212314
302.92487305 9.93598761305
202.229740379 -54.1712074727
221.425761058 16.3720606214
257.454250471 27.2381969569
223.787093084 29.2854560575
58.7270242345 50.6110295172
335.884029525 71.610022127
307.527567225 26.5779444507
11.2359221216 33.6965903673
43.49944162 7.28275003153
106.841473825 75.5540130861
20.590250338 -77.0301709403
335.972217408 -3.69942371144
279.997270736 30.8111954876
193.950462549 -39.4410774007
212.970650875 70.620790797
32.1401834376 21.5043132234
157.391301563 -39.2449838522
77.0538200293 11.1290843992
279.662131104 -56.3999523562
316.547472162 -19.0666570004
309.256568566 64.6514643916
38.8708549308 37.1790471901
151.828211282 -68.9625024003
121.279665362 22.2836161768
260.562669289 34.4923341362
337.931893087 45.5398971035
81.89077492 47.2455502741
186.983241745 -4.56536282157
184.341450852 14.1145067694
120.91603379 14.8938241982
201.192982037 -2.36327051091
214.609563972 1.69885569921
262.154758967 26.8353113452
74.612534244 -53.0004665187
283.700264919 -64.0587490217
221.11606702 -36.9302806069
60.5457125752 59.8255256463
105.26202831 31.4048961958
203.584148232 -17.6821147043
167.532565762 27.6324225145
311.073026587 -23.5903980659
229.137185491 33.1436589329
325.738032651 19.7961322991
8.93513558186 55.7595897868
278.09905088 -9.45597398694
216.280605057 -25.8984168056
59.7773160407 -52.7926539358
134.722231793 -47.181822775
238.55311454 -29.9337352099
244.014813 -61.1243274253
327.659424417 -67.8582347263
322.618253513 -68.0214897607
257.680174512 27.5167958646
306.53443807 -56.1184123159
219.093069421 81.0495251397
238.264557014 47.7369724504
51.7030684701 20.8148231078
334.515825249 0.351704138422
63.7136230577 39.2276029608
165.202940465 5.10772049358
266.368038708 31.2144023274
224.812318803 42.746346638
142.323456957 -8.2655352884
109.250251899 -34.8249982341
118.00003555 35.5592673817
3.065673784 13.0844855441
10.774705304 31.1702959927
118.14179253 45.3168854522
192.157996853 10.8247245999
310.64955183 -3.51549767234
71.4904247271 1.02081080738
139.936715845 16.2751131524
198.299209489 28.4033509976
325.363763477 -6.43580105123
208.749180216 -43.4349995057
130.977761056 -32.2343899778
8.63076186117 -2.99909827381
175.443289823 37.7920813498
155.648676034 13.2987647851
132.144516589 -35.72137068
12.6254504587 16.475292834
278.947492409 -13.2028312831
222.037071367 37.0115189243
200.476024256 49.2795332909
125.998873009 -85.7241035831
299.57766265 -11.3223948437
286.09730139 25.7703388162
347.830833633 20.6630380471
200.939462383 29.2498422012
93.7440562436 -59.227147287
62.6151589399 -8.15031792943
187.282529749 34.8018509667
107.514255781 -50.5744193092
27.6123788975 24.6991637061
328.755702954 12.0789208174
213.202745487 64.3464920959
305.971132354 -10.2895381297
309.475065539 -79.354054582
321.639230274 10.8254138852
37.3427547645 -39.2391017343
50.8503128169 -11.0750546441
62.0162442285 66.542770502
181.691627955 -38.7649384385
105.813014394 26.616011414
268.12042306 15.149272311
132.705194258 3.61840128619
208.03498414 -64.6495291424
160.928066853 25.429587909
259.229774173 -13.8284915791
70.9648818976 -43.896651277
260.262801687 78.3940058466
15.3896114127 -0.819925570378
161.136671908 -57.8106139955
59.754509088 6.86267189941
273.791215693 17.2062038365
305.255439114 10.2707712745
28.4978288648 -19.6908876823
314.069665953 58.9356483639
134.046098275 -48.7125413196
298.004878459 -3.69986379903
261.856379589 4.42093046617
9.972704735 -20.2371658009
151.391156626 54.7408308658
7.53471957197 67.7445029264
31.0929755858 70.5660184638
219.735058229 49.2177145508
272.557050851 -27.5664972024
137.712153968 37.763615586
309.422388114 66.1403233942
266.143658535 -19.3038538697
251.753382252 -54.3555474549
196.633475059 -23.3560625056
313.395281867 -14.2655906552
248.58783905 -32.6435524017
216.848065069 -71.9936616953
191.634342601 -43.9584766779
343.599709467 -43.2256162257
225.066868659 29.5907766055
220.841404157 64.0577643006
56.7065293576 -4.80804908693
248.01901269 -20.03482432
35.3465761855 75.3489033104
187.661793423 24.6430329505
222.315425179 9.06434833721
318.607651979 -59.6050596999
224.896341429 -46.7889458862
240.791900028 -32.2267892719
197.140818404 -36.1087173261
314.011250506 40.4739017661
274.684349991 27.4270906261
188.669297689 -43.1908176041
171.556944313 75.7005919631
193.278136079 -30.6820694521
219.918427477 22.0256499745
21.0775218704 -21.8974922727
303.578376167 -0.212992974648
237.249613239 1.48841284392
65.0472141379 7.07555241888
332.888678993 15.8686451517
207.289611037 -62.0486162575
175.76200672 0.671779417765
284.002763832 -57.6837073447
307.566525641 -38.0658915062
55.9233133544 65.8633277651
242.539426664 47.6830065361
102.383613466 -3.3570317257
126.39279928 25.1635007512
41.9007809875 -21.5562703097
35.5306589583 -21.6480485523
297.932095335 -49.9138488782
28.9765580995 -58.3263515917
34.3917550076 -25.2424133039
47.0453711714 -35.1977670953
242.047481853 50.6178422914
45.7178570851 4.92735090206
51.2406711328 12.5103854414
348.374971183 -6.0602754099
25.7539196788 -59.4049682532
16.976472401 -25.0570949742
339.080237437 50.2506798874
318.835801207 -13.6781381899
278.254829627 -46.2722930212
228.061047241 42.0720116082
37.9591090312 -12.6967077141
265.139145138 -15.2068113983
198.12721816 -35.3770323608
37.5644670003 38.3590900269
337.609272511 -29.5994174721
346.535612351 -70.7550344401
179.681344509 62.3361662936
97.7566417382 -43.3047780011
99.2173006136 -23.805015668
340.599254489 12.0984955861
112.474144307 43.186459606
229.700691118 -30.3549608918
50.1953812601 -14.7239097753
5.85496153579 -7.59203847711
139.649232021 -3.75033688479
264.158989914 -36.61022995
308.309787747 52.0487911577
216.768308442 -45.0299175487
318.970842368 -5.09912610907
317.889571391 -57.1402720757
315.589322687 18.1603425733
265.209625751 24.951367911
335.391587195 11.6311024407
241.3495787 5.85991768275
29.9163600762 -68.2449413273
176.379546426 63.7731645815
161.974931372 20.2448445807
330.894532057 31.5440045995
241.594347777 -4.6428123272
212.666363809 9.42727607513
145.571631476 4.27545394155
36.8822717068 -17.9856333665
168.731517053 -14.2468599676
139.511493567 10.8897599494
68.8574938344 33.3323011798
80.5842921792 57.3088872357
48.7369319923 25.3966552694
140.360144211 20.4230260274
156.422530609 0.691390858709
31.1030775191 -30.2654163672
305.954490853 51.8379017478
44.2695562563 13.5246275855
289.017318766 9.6720789972
4.21763022517 26.5377521969
61.3672922924 81.6667880948
248.172119206 -12.6558912451
165.785019542 81.044812783
53.1460688259 25.506908461
204.064250652 38.1692554278
27.3165347779 -37.1076440918
200.450525668 -34.6115288132
146.832756385 22.4048837168
63.0234689263 -52.9174583724
126.174553523 49.5183556096
307.588358179 74.9146978548
17.385248937 42.5809746744
198.807821543 25.841904747
27.5370162418 39.0990883047
172.789410599 62.0466559783
301.112594361 -55.5490146212
8.27970318654 28.0070498269
66.1779488399 39.0263839942
64.0982791659 -3.77738032019
176.245517288 53.6032916336
76.3548441021 -64.3806066871
348.249829992 -7.4410339212
53.1526471488 -36.7166760198
154.0741364 13.2662251232
201.052677285 -80.1490457001
269.493765851 -68.0619507893
298.796835025 -5.67090120713
264.887346843 26.0238851727
335.358042629 32.6046752407
57.8099020582 57.0376351545
128.274673099 -36.1641676897
148.241335037 38.4663260364
303.572626894 -15.1527899122
335.946631559 -28.3110782062
25.3151204877 5.67803332268
129.584615205 -16.2618573579
80.1023514136 -75.1349339704
218.133380815 41.7483378538
183.669365841 -46.5860122408
14.3430253476 0.591788980673
21.3035894645 35.174662487
281.043783463 45.6261200731
290.081361972 -41.5001933104
32.033133078 -7.68753898521
116.641598936 36.4046005162
2.70903454435 -17.3278516138
103.237151486 58.8669938276
326.181296173 -33.2556220124
212.795926992 -60.5298614878
119.873778841 46.0399847136
104.764827321 32.9723688906
53.1507766353 -66.6806083185
195.74473937 -71.7523115901
303.250621725 1.57107386309
337.076002918 44.7281344866
275.719548631 18.3141785091
253.901304396 -54.4247011216
185.268155518 -57.7552248402
291.750717383 43.1898514867
77.1040877234 44.8645989547
229.645396899 66.2305955894
240.060983265 -2.96186727528
175.763989893 45.5545539122
289.043213326 23.7903362986
15.6182285067 74.4197356561
128.966527342 -24.3509415857
145.20561048 43.0482689606
37.4288378959 54.7498628474
293.544116509 -9.11450455904
38.6240282986 -12.1975663731
20.1650902789 -8.55321095708
322.555668685 39.2299833834
149.924988718 -28.8910277802
74.233389995 -30.8116249811
356.166373051 31.0076997649
231.680603185 -14.1729217111
311.093032708 -36.7959777976
21.7922071852 -58.4864785958
169.395739958 67.0709556083
338.150143025 61.2958161977
343.077846123 -47.5429478171
1.59494097642 -62.4726840347
130.863405576 37.6777953513
90.5255411445 49.6426204313
286.659594246 -15.151859291
229.683992559 -29.1221046806
250.200348086 -68.8747364485
69.6975421718 -42.0417142662
326.697554794 31.3930628647
20.9715288397 36.9621230944
114.146701508 -1.9699283067
240.878521398 -76.2746970691
251.332271302 -48.9070081491
185.638700494 -25.3121771144
56.1354072332 -58.5809429239
139.320735076 -87.1763117162
177.22088561 -0.364046866341
36.8643164098 -0.333384473701
284.659934003 22.4570451586
169.545085093 9.8844114857
277.820703248 48.0987690862
288.242516975 -8.33611386924
130.743095413 5.25781825081
315.240982019 -46.0104903016
246.53744272 -15.1200969738
311.011485083 24.3500569423
357.693591755 -9.30496414983
276.073753355 9.91042619054
157.961723755 0.685307358696
112.878135665 50.2397792911
75.4055922649 -52.7661261192
132.870661217 12.9812508901
35.0060106307 -14.1410862621
234.193139459 -57.176741723
41.8964000384 5.36319588565
277.703895703 -35.2272529544
166.85742853 2.90165010304
268.982838057 -55.7063605366
164.284016392 -7.18075819384
39.9161324105 2.25015710983
175.301179625 -17.1530116044
8.30952468619 -1.22276232007
50.4143204908 -55.1126758347
11.6092842139 15.6354129712
154.61017265 11.0644867516
133.14097698 4.51494900092
65.5729510781 73.7498254731
356.282373673 56.3009633539
123.100126878 -48.5058854965
185.893094167 49.0332451103
344.281585895 3.99325910737
27.179511042 -79.6648617987
186.55055751 -16.6178935455
341.50865568 -67.3926960651
210.126387303 40.0757410066
230.051564474 30.2345863574
308.911758756 -0.284674238162
208.809085532 -22.3850998545
260.039115502 9.46101221584
91.4778220574 -34.3997168011
251.772048225 56.4370767028
268.69875436 52.7703446593
356.741230872 15.564094235
246.797675219 -71.7729891561
300.958609359 -16.889521322
45.202595317 -41.8008718744
1.25151475827 18.202976886
167.612026219 48.9839392399
199.198623394 -0.228508927617
89.911101424 -42.9081458735
173.689805039 53.1468929189
204.451100263 -51.5774533645
112.922393223 -85.4729312383
108.35575887 -9.24642155089
40.1073856382 -30.2472834855
192.796451485 -20.2266203559
35.3849632299 3.21515150644
49.7152215035 -17.4720988932
191.480584399 -2.97797270893
242.45223996 40.0791946501
4.66802256334 -76.8848859084
315.850903271 -35.4376727878
353.997465814 -4.50021772874
175.313576114 10.5073127168
89.4399379633 -35.2815705983
339.611530224 33.4635686938
350.005305731 47.9785913111
52.3096288465 57.4706374295
330.278310145 60.4170440832
253.171569157 -23.1117175013
290.804226802 30.2148245953
238.994495774 -10.9277096937
102.938345163 -18.4972117953
199.415534467 4.91494864045
125.221527363 3.0243799087
97.1756872994 -57.4154455251
6.70877031948 44.4601108895
228.49097506 -26.883926284
281.710405728 -54.8118718875
264.008353369 43.4301443728
304.798758962 61.306393939
146.352812568 -1.42753732631
238.818288499 -20.2121607909
204.394554127 -41.2752693737
117.966009644 4.53070541524
78.5195697591 0.631269190809
260.020727704 -39.4574355084
54.2953547981 -13.7173136324
257.572943342 15.1114674228
162.386096786 -48.1787030709
302.157968463 -25.2185384808
61.0712897098 20.3019452962
276.767288473 -18.7171667124
294.137801386 -5.79475854018
83.5262516732 -23.4502363541
38.3876644003 -19.1316646438
281.762895475 -33.3593982951
94.9089836859 -43.0687956909
341.725418668 -18.9737378662
296.329191205 -27.9113479911
136.933184124 5.58805067784
276.956677872 -55.625275271
105.863908427 24.8441236308
274.874717837 76.0261641716
196.781285713 55.4914317315
309.660069451 -53.648223126
207.809711428 -10.669653034
335.568061162 9.93769380582
89.3214211842 22.36181453
148.613618375 20.9742400087
226.677495946 22.1413212197
102.413141661 -29.6486131788
78.3923958398 75.3393309859
284.456303015 62.9883614063
205.131162095 29.9890405681
268.957908407 35.2400200753
308.781178118 -25.754207995
61.7505192115 -30.5302810967
38.1814903506 -56.5574778793
123.50818761 -2.06141415656
103.784214837 -13.9819430858
74.8687260031 -29.4356310736
355.635158933 8.72213302031
168.683396185 64.9391508743
56.437455672 53.4858507854
101.238839129 8.09964710748
169.84010827 -1.71829197304
117.021154204 -15.7418840458
34.4056951298 -54.6120377602
77.5659118526 -67.3662983489
245.01215641 -9.35314295112
76.4820782116 14.6505642292
248.882882716 34.3639749147
245.246028135 -60.6399280586
12.6152997876 38.3991561868
319.785336446 -9.5753873589
133.406403913 -9.68139255779
153.156038295 -26.1474990185
280.170239096 47.0563958466
13.3923674802 22.741672809
12.5248132658 -53.3012872147
14.6185761742 36.8834674514
286.450666486 32.8723998289
302.325240374 5.0445533561
191.039264604 7.28674865842
88.3627976388 -60.9000380155
90.1416730487 -23.7837617944
358.693754812 0.107772237977
285.578648859 19.8305134832
291.070944501 -1.34526017205
348.60462614 33.6848443006
267.441074415 42.4952256463
356.14006776 -58.9256556917
22.282569443 -38.8419370433
200.141678529 -12.3256717754
39.872516759 5.94313952143
220.442380216 9.22058044515
169.721818555 19.7623094386
340.130866659 11.1236752703
299.067122756 45.5120315724
31.3832014137 -29.4838706737
117.427222959 10.0235912912
349.039050528 -72.5622101056
288.88283994 9.44185243842
127.721251091 -6.6659212659
200.679157832 38.5874241902
169.73355216 -9.52108305279
227.294516371 -8.43965506666
128.546549342 13.5349669287
155.712858072 -62.2113670545
106.07004027 -5.02949970739
293.162817861 -10.6760195226
134.996629412 -12.4082837776
194.142845582 15.5890158423
22.7820668722 10.5832980086
158.371346734 9.72491021148
8.51422966711 3.8074230212
159.712647406 0.00504765576309
70.0982728376 19.338123244
348.561708504 -72.0268521586
354.600868983 8.81440261453
42.8541812205 58.679442561
28.1891235211 -52.8537188021
103.019472082 -39.1817709299
52.544666213 -3.43169287559
4.13690833255 25.1275768876
286.073716626 2.53035654071
122.782504839 23.1683563316
54.225545466 -85.2288781437
12.4420183308 69.9833667291
326.366967763 -35.794102383
108.97083344 19.0825324961
219.125978896 -37.0662472693
251.468874278 -7.14968999775
41.4087225753 -55.0498432075
315.459445796 -4.47067046672
97.4138027738 27.7803559584
28.5057889739 -48.3802435151
37.049806643 -28.345512992
171.130846162 -28.5871697255
172.983263445 -64.8488522448
299.380155761 21.4146812347
170.211586856 25.9158154736
175.886424629 -56.3549313879
315.563081808 -61.1622648843
239.786807526 -85.6861741876
349.233255438 -7.03469430865
136.983510101 -25.0784714789
180.586577936 35.2488412182
245.619778861 52.8507343897
256.139245884 -24.0124956861
287.059298296 15.3852361922
222.233880486 -20.7627808683
88.799134315 -51.1737457297
240.499765728 -35.7377614282
122.126287861 64.7301605911
99.0071011507 -1.92766402994
223.217084419 -1.87384575943
308.529867995 -42.8227507417
329.319772407 -59.6416195124
53.0113731438 7.23431397701
14.6566872513 -6.9981504219
246.523075325 41.1623361074
342.182943818 -65.2926002323
324.471765178 51.4354170603
120.682611361 -8.38799849788
28.4362174677 -40.0511159382
272.509118627 46.2032840808
139.382252158 6.88096955171
179.923747068 -53.9482981683
33.2175670273 20.908304565
316.917611686 3.78459906889
190.5729361 -14.8262472943
185.888406235 34.8377786537
120.393001252 72.5316234453
357.563211991 -27.1665762453
255.496094141 15.1382459405
309.129551283 28.6978137064
47.1217927716 -13.6515024841
243.421618502 47.2951110428
87.3279720341 17.5430680344
15.5173227479 10.1088616032
72.2587906813 86.5475229573
95.7007775663 51.2391349478
336.897984547 -68.8150688776
221.405843143 -89.053398631
322.120809064 0.448212208472
29.8527719061 21.5224429458
234.464383479 -70.3502238216
268.900533659 -52.9376806971
175.867983473 -32.4793427712
339.780399819 10.0106687797
191.94110898 33.7717825317
249.810387498 -2.39729477629
218.613511417 7.15345614181
1.53238771304 79.4573163861
306.824722786 -14.2535230944
228.860642825 -28.3772749421
356.35365433 42.3941822884
7.86016755348 17.8930930724
10.2717280824 38.5924868782
189.716552559 -34.4033709789
29.2148257852 -54.5778524918
278.455871969 66.5228160668
256.922611793 0.344762217152
5.22360703149 -64.5228311078
175.688630668 -9.95676362476
145.566588955 60.8187147578
311.429299346 21.1619137924
197.214669613 17.5483897629
234.090802801 45.1867319329
312.312086067 84.2518650349
250.185924284 -35.0941549272
70.3632869406 8.28994466551
306.134848856 14.1608998482
11.2883504118 -37.6606412852
78.8570651593 34.798975235
318.182293704 20.5293415455
84.8196005036 -9.78677175322
315.947222204 16.8948556516
341.685103604 -23.4460584544
133.368568401 4.08964199661
256.454092869 41.6514588499
182.469929454 48.2971828354
343.202376355 48.2204578579
17.4846140421 -33.2278650393
358.811162467 25.6213430943
21.8374924543 11.2544927124
307.788034495 -51.3431967074
236.504105435 18.0424146565
279.04025434 -71.3107492393
22.1685234897 -6.25385052634
37.3428219603 -68.7777205841
50.7195899578 58.2191985313
272.222830721 -59.6806300909
1.83621201521 5.91685953502
70.1418147041 17.7810847853
287.65779861 61.8076138935
9.64122835852 -77.2568819752
161.919643552 -15.5040872262
31.2980194565 39.0085099963
65.3333097351 27.8987058442
156.533190912 80.9665540195
275.866345141 -65.2380922401
41.3283567792 -39.6616855806
43.3497685557 -52.4356438745
127.048478033 38.2706136494
76.2766394027 21.5689071596
53.2746204029 20.1893463737
248.790491061 50.6222914787
8.18398748943 27.6213904788
210.64226912 3.45824633499
160.664133272 -0.0335639280975
298.560343563 20.9697541884
49.7148838135 23.6321717574
211.400933656 -7.09035171109
41.3246967587 -63.2193160143
188.955969769 1.81611217572
161.794260714 40.8493426955
286.12738428 -37.3513380491
299.974971893 -18.1510587356
41.7648855599 1.7897424316
93.9289057482 -24.8330917447
291.731119108 13.6770459593
33.4911796692 -55.089393872
246.381952189 13.5226240065
280.366214068 4.62535143836
55.1293536466 -68.4044150983
165.600736282 55.8821881209
49.9870859569 33.9061126138
336.144185028 -15.7770873225
56.8046416293 26.2810315936
193.042075355 17.7653234619
154.62234777 33.3210624477
52.5335198515 21.7271366971
286.51109342 13.7239265859
253.823610714 -17.4489527662
13.4514899113 -18.8742299058
132.923965334 -9.03579148152
315.977592094 -11.8399621455
303.977771783 60.9858172135
333.11006133 50.7034858929
308.289025232 79.7451412329
356.803851879 59.9847829914
86.5740067323 5.99705330916
104.054868381 -30.8245584241
314.751419614 36.8595922502
175.359022549 35.9018112498
159.654478063 -5.88137448567
50.9119745784 -12.0522634765
270.272880874 69.3563173359
19.8072435067 39.7483238642
92.3602542243 29.1771301097
208.888014742 14.7383772813
240.229998696 40.1817430504
73.9589016309 -29.7208630389
202.839164679 -12.1155768978
149.683670194 20.9791892223
182.25369825 -2.36383686748
31.9887021415 36.4313428163
66.4577353431 -5.04696248223
346.483510266 22.6157954934
281.916849932 -24.5998465319
198.946514925 -44.5782528381
183.811153369 -27.3511226468
55.3660410815 -33.0784234252
35.3308525595 -46.8482250561
226.057662173 -11.83547635
118.749660627 67.4267657851
65.233053158 -21.0382518438
111.102910147 67.1249827367
202.345394337 -51.5800154583
241.851712981 -35.057655395
23.7349461774 45.1029006014
311.844316283 -77.5859733968
358.689889551 -15.952306546
232.383095023 30.1809911602
245.837854508 -27.0043575556
126.44797679 -38.8882207459
89.7214477775 -41.1647661398
186.343799891 36.8171858205
34.0908407639 -29.9583570412
126.662809039 49.4793947328
174.143320959 -41.6103866063
281.543260288 -6.66841813476
330.366429626 26.2279937909
64.06277257 3.87467828544
168.719883259 32.5838489768
118.70537246 -8.66497796094
28.5015838466 -60.3926348161
336.228580354 8.74877592147
290.710848439 -15.8642652133
247.262924086 41.8807007139
148.852756798 10.7165758722
129.60144093 15.3634710347
62.1327341236 -31.2801968759
154.221928659 24.5994264433
319.952982963 -32.2150221103
97.4856296017 -31.7919771388
331.282436349 -56.7727131025
71.7978384293 29.3733795928
28.8200745591 39.5024636455
318.319273348 1.83807383025
242.270537812 26.2084937911
359.054583826 3.28384629746
136.966294599 -71.6560953499
259.211053447 86.2666762935
128.518675323 8.2539805453
153.1385222 -57.3299867456
65.933493941 -12.3859918077
17.4711433512 49.9051225487
169.636918466 -52.3974249514
186.326758767 -15.5498412566
285.858046698 -45.4221191389
181.789220214 15.3971808705
307.390914625 24.8468922852
154.755341115 2.15677189962
113.940408977 18.594049297
155.276097753 26.5725527944
44.6385713248 39.2199479736
239.076247079 -23.2669411586
340.141631122 -42.3885264099
8.01655071876 43.3125471387
161.131321555 9.02438934511
356.92659916 -2.06930850448
64.0384204126 27.9085769907
186.994658307 -38.6688610663
199.880119494 -35.3333168756
130.54172128 33.732352777
271.644984816 40.7485359883
231.539088883 2.72755656202
79.0896910222 20.667584658
311.403601162 61.5527747112
165.383210046 22.8128773411
341.556844261 -44.8581761067
145.525663795 -3.06456115692
156.418455236 47.9972042494
3.60168485027 -56.5699648195
297.216759812 62.8771402417
187.150051788 11.9660826494
269.248491216 27.1358681624
260.185846418 -0.167950626844
47.5393151007 -0.937234333774
147.275283161 -67.3416898436
338.594416254 29.2644869988
209.310525469 5.39713301442
353.011759131 -9.03933360537
276.557114775 -13.4235665023
271.2267128 53.4816454913
266.555038926 1.46649586517
30.9290203164 35.1548440802
142.008492428 -20.3224037219
303.609094936 -21.6481590659
213.575652598 7.79495233793
179.203674807 12.8531049405
13.0429988525 -14.3014154675
358.292444102 -37.3372508697
173.381001497 -34.5079865168
154.903786261 -21.2091415263
300.407560197 -7.46132098698
282.027719916 -6.38901350284
96.604876509 56.7145137867
358.310391696 -44.71267134
76.1419389617 -19.7830200061
169.026909646 -46.9217891848
112.076779787 67.256839422
172.936488869 9.98691320495
267.671558958 -42.1849355188
95.0021573029 60.4501063892
24.6011783311 45.3693378964
37.7977757456 -24.8980249647
144.957816374 -6.02009465516
135.640772734 10.4603964617
172.970923397 56.5910969103
102.361004906 34.3631527899
62.1630110434 -57.2015339072
32.1563082159 28.5494851824
263.363448119 -36.2805807645
322.628533688 -54.7917696133
68.7629532402 62.7683939226
184.349485028 1.67800334964
84.4939120109 18.746752347
32.1555565169 26.8135610787
284.571177707 -20.8432880128
314.243307073 30.5310018726
115.023763858 -11.2680429898
297.863289754 -34.8065469394
181.787487913 -65.13103192
19.0584053131 29.9119383778
159.088623205 50.8868138556
39.3850270275 -17.2413375314
109.792356912 -59.5436394892
331.075142388 -50.4527319997
130.424924743 4.67067778561
38.8500928779 -23.6908149162
280.547636651 33.954108361
252.448432954 68.2982392375
60.9913668804 -9.38674293226
282.717588315 -11.9221997949
82.281364559 55.0535382104
339.245059595 17.2778711138
176.165888456 -30.7230335408
354.648759414 -54.0818086753
21.5861517787 63.4145225354
189.457225612 79.2145856752
330.707595649 -18.8814732259
99.8186988456 55.9113471759
60.39094041 -37.2720371343
79.2698844514 8.18638083101
