       78.672760      -4.5334054
       324.98127      -25.333057
       183.91356      -69.120498
       227.59742      -8.6001811
       252.72369       39.071987
       269.60064      -43.863017
       353.71998      -37.504832
       73.077652      -72.122033
       293.16153       3.8130219
       47.420682      -38.543070
       238.56584      -55.341239
       9.4078212       28.537722
       215.02813       67.488997
       316.08440       73.267479
       200.76117      -26.346531
       244.83307       29.456925
       351.32916       7.8034300
       205.16122      -78.982832
       279.46653       4.9052629
       81.322261      -37.522885
       330.23524       8.4749083
       249.43479      -39.875997
       85.102468      -22.153558
       189.97018       74.244828
       294.96265      -69.745140
       138.94848      -4.6542620
       268.49505      -55.311006
       338.05600       17.870296
       230.93183       64.654101
       210.62455      -40.530513
       66.136212      -74.461856
       132.68960     0.043380037
       138.70890       82.757735
       146.88716       28.633291
       179.41445       35.044428
       286.21570      -15.829012
       173.18571       32.793005
       297.45502       11.230335
       230.97342      -43.518974
       333.25632       25.680352
       263.59432       61.762184
       209.48425       9.3175109
       96.877880      -70.785141
       323.72622      -16.789152
       56.987747       14.571151
       24.177515      -4.1904663
       286.03171       4.9057637
       21.560194       32.151086
       254.08760       50.906242
       336.88178      -45.952237
       349.64121       28.566540
       186.04194      -9.6239910
       151.89030       13.509815
       23.302121       64.103244
       57.466179      -45.100234
       349.77468       46.168488
       124.12699       15.728712
       136.03981       27.846163
       177.29389      -22.366647
       106.67799       61.607962
       214.27120      -5.6037175
       43.306435       17.599755
       12.462652      -15.583141
       133.75581      -74.898970
       157.51931       67.560302
       16.815466       56.006888
       243.83461       31.788851
       113.26186      -40.171212
       28.298611      -49.908525
       307.33644      -68.547895
       201.89062      -58.516626
       85.206374       6.0886703
       47.731449      -64.917392
       186.46571       58.549685
       30.389590      -53.601526
       162.57794       71.736214
       50.704513       18.062074
       127.91489       38.478888
       77.519104      -71.864169
       194.27921      -23.684717
       76.855710      -64.859121
       41.554710      -2.0259439
       74.685098       56.130435
       345.90048      -76.206034
       87.412614       23.447255
       320.47899      -33.069452
       196.63948       31.903971
       304.13836      -19.009796
       174.73874      -25.334681
       41.486869       26.541921
       155.87144       29.414663
       49.870031       16.587596
       219.97032      -29.082425
       206.55807       16.734884
       123.42497       35.760336
       285.91160      -42.521886
       280.82279      -43.693125
       176.00228      -37.069563
       66.875832      -13.952613
       167.71913      -51.526171
       206.44946      -6.3620695
       69.888127      -68.945680
       137.37967      -30.707943
       212.98674      -77.319296
       84.029250      -65.087628
       282.37650      -14.542629
       13.819830       27.009527
       107.37209     -0.56554191
       36.793821       30.705297
       252.62860      -29.696431
       327.19312      -5.1564296
       81.414068      -42.398153
       226.68010       45.403783
       262.18073       8.8971216
       29.237000      -46.926775
       162.23928      -13.071877
       48.998518      -27.409348
       23.331287      -65.500753
       344.43611       26.282191
       136.64042       14.817483
       263.70684       37.444900
       343.59726      -53.178556
       59.697576      -9.2584138
       180.24094       35.180527
       244.16387      -50.044872
       48.262319       46.438512
       170.78462       12.639291
       339.16704       4.6786573
       265.12262       74.631396
       141.13829      -66.569720
       113.24545       3.6855449
       323.88173       18.418486
       157.84356      -75.716479
       14.938086       43.628324
       266.58437       61.169435
       218.76936       6.7688655
       24.261544      -17.860445
       58.253095      -43.057545
       274.31166      -38.657947
       268.85657      -19.976831
       177.61791      -20.621123
       176.12769       10.413264
       43.251598      -34.339370
       129.05319      -65.919628
       116.13502       36.120240
       211.25133      -20.850561
       281.08575      -33.719819
       331.55943      -18.520034
       105.03757      -25.534205
       240.57495      -78.185442
       69.668028       40.236206
       89.633258       34.921777
       141.45025      -80.276246
       209.55815       34.081165
       258.63364       15.750482
       2.4867337       9.7167958
       294.11562      -3.4980932
       298.99829       63.885853
       258.87462       47.971888
       169.17588       46.177857
       312.65893       11.940963
       314.86984       25.484775
       187.40245       12.035042
       336.31412       30.389700
       324.28841       29.345485
       257.37031      -56.461094
       54.462039     -0.37590768
       131.47714       62.321215
       154.26628      -4.7742224
       353.32467       19.116124
       346.29812      -23.183352
       291.07277      -54.369584
       190.19847       58.278855
       151.98549       39.510255
       203.97220      -56.823013
       284.60893      -63.502542
       30.149583       24.976014
       192.26027       5.8687007
       273.22874       11.412117
       72.488760      -8.8815588
       322.05481      -28.454738
       275.47840       4.3934348
       313.82699       26.213339
       338.17889      -69.249276
       336.41334       43.552621
       354.02160      -39.908327
       225.01917       16.985368
       155.14860       65.651669
       115.08912      -1.7075084
       233.12893      -56.137084
       48.584390      -71.184066
       251.92219       38.223849
       326.79149       13.796359
       135.62773       58.092552
       342.60493       52.709827
       359.47447       26.298181
       269.20760       36.575945
       156.55919      -51.207266
       76.046504       24.929884
       284.82826       10.944525
       35.125213      -2.3136937
       350.87762       80.536334
       93.604488       41.596541
       169.94699      -33.264892
       255.50798      -31.293140
       67.856603       82.160988
       326.66788      -36.501249
       97.351560       59.981945
       137.98016      -28.768827
       278.41199       72.927309
       12.803091      -11.968887
       348.57772       9.7933473
       85.740112      -33.573257
       25.662510       53.309044
       192.65448      -26.821267
       216.01147       26.856848
       308.20238       42.420222
       56.525756      -8.8746970
       147.59204      -15.329426
       147.61782      -33.391305
       28.209886       11.262417
       320.69439      -18.936325
       24.905210      -2.9817575
       284.67519       25.584722
       192.50037      -12.626303
       207.43142       36.764574
       158.87806       38.487554
       251.78150      0.62577737
       31.621627       25.282792
       11.040056      -1.7593479
       243.36132      -25.639974
       328.00647      -54.303012
       319.65570       11.197629
       254.94480       51.181478
       53.178062      -30.344699
       168.08994       61.164531
       207.86094      -49.466514
       63.778783      -28.000424
       234.66945       20.758243
       343.72560       25.429777
       159.31067      -41.058676
       146.10220      -68.938708
       72.773962      -38.530666
       188.68630      -8.0099183
       152.21869      -43.377200
       306.39910      -11.288391
       306.11032       27.136588
       260.67310      -20.745050
       250.90151       50.288042
       168.31580      -16.719396
       309.00879      -61.299203
       140.82007       69.802239
       218.99364       9.7251938
       277.24186      -1.3641341
       341.62104       7.1641161
       60.581262       73.069965
       251.39477       72.169614
       252.18682       35.318351
       195.00455      -52.918777
       291.48559       59.509730
       178.17533      -2.0756642
       346.45963      -16.424996
       2.5228028       44.640413
       174.76842       41.351289
       239.39899     0.011633301
       62.387763      0.39935273
       37.046798      -62.753978
       149.78594       16.697497
       71.196362       9.3283979
       312.60923       18.491745
       84.078182       8.4776752
       52.409652       28.189427
       159.25323      -19.751330
       255.07047      -24.899671
       1.0714031       3.1234835
       260.22855      -6.6221570
       145.18290       1.5138551
       98.324602       28.576044
       50.138929       1.2449888
       16.458094      -67.860816
       101.05259       40.620207
       195.54596      -8.5968974
       81.376543      -72.753782
       35.779377      -19.021777
       318.71214       59.046154
       159.08719       11.552667
       59.289142      -18.817349
       340.83532      -25.598514
       110.27835      -66.463387
       346.60070      -30.777666
       30.502560      -4.5884591
       190.55315       14.092162
       201.94036       43.571662
       312.46001       30.748197
       257.27812       50.523434
       243.83159      -25.711372
       293.66191      -40.016977
       235.60719       72.057457
       348.71710      -4.0924273
       261.56702       50.403402
       317.65456      -57.420134
       288.93859      -11.143945
       44.161848      -27.421149
       144.14766      -49.199741
       287.16529       77.492622
       80.260477       4.2134921
       285.64974      -29.543599
       10.835082      -60.348267
       168.81309       71.813876
       180.59871       6.4770710
       78.457215     -0.43735925
       175.82317      -38.758381
       205.01757      -56.445007
       86.266797       30.745913
       177.75409      -21.557659
       288.37003      -21.398185
       323.38605      -9.0766337
       17.666593      -2.8919876
       32.394804      -31.400195
       290.95611      -10.050137
     0.013022240       22.234491
       284.53418      -51.418759
       19.507845       2.8801898
       315.90479      -32.356257
       5.5974027      -8.2751867
       86.786801       11.809174
       304.89555       7.1276135
       31.701344      -2.6431887
       307.90693       60.881279
       206.89407      -5.1702692
       262.07926      -15.904492
       207.03645      -46.197875
       9.4253368       38.362208
       28.489602       16.654522
       351.37881      -47.455133
       255.29227      -35.005007
       220.36440       32.628217
       285.96063      -8.4461728
       36.474733       74.136658
       122.14086      -80.251368
       150.08793       43.281763
       186.61811      -60.593995
       351.16641      -28.745902
       167.75206       70.103898
       223.05541      -25.548018
       151.49108      -48.592129
       122.64679      -62.414161
       90.335379       62.483452
       354.25490      -58.827135
       210.81385      -22.525730
       239.95754      -44.287588
       58.450474       54.478989
       23.882253      -42.669742
       81.567435      -23.732243
       147.13892       37.901109
       19.212420       1.0969810
       328.41480       80.420387
       169.18221       37.379476
       255.92478      -44.078653
       10.492968      -19.470889
       337.84156       6.4510607
       18.760009       43.070993
       347.22236       31.089367
       58.522216       3.8720131
       137.76869       5.5491780
       59.067506      -27.414961
       213.88020      -42.439905
       297.84421       15.852742
       130.80029       54.493948
       17.296539       2.1268430
       82.046516      -13.981712
       182.58341      0.37250376
       313.82711       23.071599
       188.97575      -62.762955
       269.32001       1.0950837
       75.455154       53.782520
       309.40653      -5.6236533
       254.83127       27.482030
       254.91305      -36.602143
       111.79053      -64.309194
       202.41502      -3.9477633
       67.551560      -59.904893
       269.60240      -26.273495
       194.32673       75.631223
       144.78266       44.226994
       348.60295       47.225769
       184.26439      -67.331735
       102.02761      -35.210767
       301.27816      -10.511100
       350.23942      -76.786863
       340.50392      -7.8566829
       18.579287       84.985371
       314.65687      -8.4528822
       99.162656      -35.644358
       158.96728      -64.142391
       160.36500       71.565559
       195.33644      0.11341948
       130.76229       24.796474
       182.21691       33.236093
       47.425772      -1.2694471
       351.55827       1.4871127
       251.27394      -8.9109432
       293.81974       63.710117
       215.27554       18.185921
       272.68951       16.294922
       45.530644       6.5906167
       251.56655       65.298242
       166.81404       46.612594
       130.84008      -62.573740
       166.10954      -20.789881
       315.70279      -28.812582
       274.89475      -42.144060
       56.592614      -67.289647
       137.92507      0.55436276
       46.755791      -52.340658
       217.38970      -71.244926
       18.932747       13.898166
       266.86052      -26.083555
       212.18365      -61.072159
       158.89568      -8.3033800
       94.867407       11.326403
       346.81815      -18.248213
       167.58895       42.506354
       148.27908      -15.827840
       215.60878      -40.235908
       329.73824       36.918062
       282.92675       24.174556
       225.43572       67.845896
       23.863444       10.311169
       203.42184       16.657675
       129.76427       58.384085
       173.63273       22.420563
       26.314069       22.047133
       343.56430      -29.816137
       6.4698426      -1.5341052
       339.22611      -8.0314327
       139.77164      -32.969724
       205.45840       26.908022
       343.28211       71.241076
       36.085343       2.7848730
       309.50324      -8.4279154
       118.69997      -1.8568451
       145.17389       14.979036
       235.92510      -76.540051
       163.55767       7.6346670
       214.32807      -35.028325
       343.81748       12.375092
       44.762662      -19.182615
       16.776039      -65.020164
       12.640165      -10.196165
       73.451247       26.397725
       111.00275       54.424546
       215.57207      -36.399123
       12.812571       30.218860
       126.36871      -74.109568
       153.35264       62.910181
       12.656949       11.187148
       166.19881       34.157470
       261.81814      -29.794424
       347.62267       14.163843
       197.81016       5.3860728
       202.04184      -56.754062
       195.92209      -2.5029110
       128.68730       77.893889
       318.29378       61.285094
       330.51094       14.488694
       85.344041      -45.088801
       245.68052       65.741655
       220.11849      -36.047968
       314.48779       13.521003
       331.50646      -18.203036
       11.922154      -16.333524
       254.44721      -63.918211
       20.525899      -43.112577
       141.64057       27.702636
       271.47823      -18.718427
       242.51142      -42.259121
       203.48906       22.895444
       33.467341       49.166703
       159.49520       1.3464773
       12.013431       53.783722
       67.131781      -13.002617
       181.36885       35.778871
       351.55853       6.4081185
       354.73081       30.932884
       252.86984      -50.205238
       17.276745      -4.5867483
       193.54391      -30.736385
       293.58955       38.346641
       82.240815       64.566143
       39.426334      -19.609012
       225.63157       37.015968
       230.84264      -46.253764
       284.81908      -20.771714
       271.67184       33.291242
       345.24664      -66.992631
       129.62289       17.805778
       293.67992      -3.0332085
       312.01177       48.313857
       169.70974       3.2073281
       281.47148       16.190210
       282.32867       64.775098
       174.87041      -12.763683
       17.179238       62.241453
       136.23216       19.749128
       315.47754      -41.540527
       91.567920       16.644259
       22.479066       54.427676
       76.593801      -13.527028
       31.282294       74.847440
       198.25711      -2.4389461
       113.21520       14.499274
       316.80609      -74.181834
       191.51667      -29.665987
       289.29257       38.408036
       131.30157      -34.661371
       359.98894       57.111868
       333.21654      -54.845044
       333.82770       49.991394
       57.304169      -80.212168
       304.80666      -43.941751
       271.85563       6.9464926
       239.66325      -51.711280
       293.42440       38.356786
       105.55491       42.251779
       271.40382       25.528607
       237.35448      -3.7503074
       329.15295       16.630366
       199.46698      -53.809072
       304.81930      -60.454142
       291.52907      -15.046115
       19.895202      -9.2368735
       143.91772      -20.098236
       271.17949       40.135670
       230.36237      -59.516332
       306.84206      -30.761245
       3.4944733      -55.104632
       187.80375       52.046912
       120.80812       27.147419
       86.383340      -3.2642509
       298.87902      -18.124583
       136.66887      -31.234211
       131.52233      -69.886465
       240.38493      -44.530964
       139.86663       58.681423
       277.61340      -10.255793
       174.74249       16.211953
       22.101642      -22.540687
       338.61464       22.182155
       358.93362      -1.0475011
       106.42428       14.157826
       158.08362       23.374844
       291.44737       65.127686
       310.16307      -27.721327
       112.89116       23.720179
       164.36611       22.665291
       94.776876       36.738018
       162.28127       77.824891
       289.31549       37.441015
       228.70696      -32.372993
       133.55281      -44.365905
       108.48910      -31.421673
       84.064925      -4.6003132
       194.74279       38.728839
       112.06551       41.836769
       201.08904      -40.600186
       231.96108       13.679169
       301.56970      -48.219081
       316.94945      -8.5488898
       197.74127       21.260903
       331.65216       26.086060
       101.09472      -4.0141733
       355.10103       52.243048
       2.9618090      -79.248362
       323.48133      -26.437053
       148.92829       28.666775
       26.286406      -11.461377
       107.17937       37.738129
       186.01170       53.040730
       338.52157       20.799393
       164.05221       5.6181323
       296.68607       14.768456
       307.32307      -24.270666
       142.69011      -30.526726
       348.94330       60.793288
       89.336182      -67.797324
       293.61229       10.468622
       325.70788      -57.634327
       277.84432      -35.835803
       274.99674       47.305643
       331.10229       6.0049091
       168.82727       34.536794
       306.51526      -81.887478
       202.09891      -22.437599
       94.545834      -35.476812
       5.4998720      -31.536627
       142.42908      -21.352902
       56.284559       1.9360249
       18.008709       27.975496
       253.86136       17.810856
       226.67259       26.505279
       293.93659      -26.135013
       250.80172       49.620424
       158.42000      -32.101954
       173.40245      -40.602690
       197.15491       35.230170
       322.36995      -20.032520
       7.1906469       31.252178
       226.98970      -36.612024
       114.65110       62.405046
       278.41246       11.446324
       120.00411      -34.334908
       132.31625       28.456549
       259.23746       34.743508
       284.47225       14.897239
       217.20788      -74.668828
       98.614306      -1.9415171
       154.89025       10.799056
       346.92983      -54.372179
       239.36478      -7.1799785
       238.20419       24.768417
       52.264923      -51.168772
       203.56993       18.258226
       98.862196      -24.684372
       35.708918       23.556380
       297.00411       44.914122
       236.89455       24.470167
       104.95952       60.035545
       195.70710       58.267028
       314.27511       82.941893
       155.93357       25.381341
       253.68528       22.266987
       220.81481      -70.200870
       151.03580       53.331047
       185.78919       14.614274
       231.31444      -13.365060
       75.059420      -31.978912
       254.42208       40.737287
       349.08478      -28.237923
       356.33806       7.8928266
       330.17444      -17.955158
       90.690029      -36.592109
       287.83576      -30.819556
       145.48752      -48.607171
       348.61516      -47.308641
       318.12804      -8.1524395
       128.73941      -23.995977
       206.32435      -35.829309
       28.250730      -10.874216
       312.05563      -39.159577
       210.88760       7.2203090
       252.92271      -10.608887
       149.51760       55.309843
       168.36270      -48.549210
       241.80106       53.896417
       225.08171       33.729085
       175.79624      -19.725758
       79.206134       4.2121895
       16.512737      -30.897454
       13.648803       10.862447
       249.76299       5.9050893
       90.584887      -34.662913
       351.52769       39.611493
       17.439756       58.711108
       75.932602       39.691582
       188.53308      -9.1040436
       154.10897      -73.189677
       304.69928       23.288353
       204.79263       62.532638
       17.456920       18.208427
       248.42952      -64.618569
       190.71085      -28.171107
       40.201814       45.634355
       255.46168      -34.755905
       45.734005       20.203390
       159.97921       10.148550
       331.99734       67.755982
       213.44737       12.517004
       209.76422       19.504323
       146.18691       35.812908
       29.164574      -53.826729
       278.59004      -65.994054
       189.63431       9.1164375
       253.94520      -26.507616
       314.78878      -32.446347
       274.89410      -11.178742
       291.84689       41.031444
       358.33625      -31.979518
       246.17271       67.386150
       278.25660      -15.788714
       28.793596      -21.358817
       41.383690      -62.029369
       87.049730       67.943822
       56.154519       41.134991
       335.93571      -17.893385
       34.079474      -12.268717
       214.00557      -23.570859
       167.89305       28.791000
       166.45771      -64.209510
       1.6495290      -40.521203
       265.00403      -52.369868
       235.59133       42.940998
       132.29750       55.875066
       163.27879      -41.289418
       136.74737      -34.710722
       265.64425      -64.379656
       228.95943       20.027680
       349.55030       53.570687
       349.68403       44.122801
       109.75129     -0.34735411
       76.299808       56.119512
       93.875874       55.805079
       180.48855      -58.772472
       130.53523       6.6823843
       295.69423      -54.036203
       264.32243       66.721362
       223.93019      -56.365203
       247.77765      -8.8203059
       186.83092      -47.629263
       21.357403       15.558220
       162.63401       23.185202
       79.209743      -54.351120
       152.96428       60.977161
       51.314896       46.600951
       176.57407       2.9687745
       53.854468      -29.174916
       270.83373      -79.708567
       218.61205      -43.770270
       71.304044      -23.067361
       315.24178       26.743842
       350.50305       22.976597
       340.90188      -10.505650
       236.53192      -26.854131
       78.593292      -78.952822
       278.04781      -64.333954
       149.39430      -70.245510
       150.94310       42.737635
       153.72528      -44.599038
       302.10364       42.339984
       340.41109      -18.590212
       38.762146       8.2779075
       252.68836      -27.565949
       21.991421      -48.477744
       168.54851       4.3066301
       25.234855       23.511011
       10.443870      -68.840877
       96.566676      -48.538462
       308.60851       41.560149
       290.86717      -58.913811
       356.07728       28.663735
       342.40312      -7.5551467
       281.72963      -34.345185
       275.33757      -19.323556
       352.86737      -16.753230
       135.98683       43.521790
       204.78203      -60.087752
       288.65360       39.641079
       72.614753       40.220154
       177.19939      -46.665990
       125.23923      -6.0537536
       195.03811      -12.530583
       55.721806       18.907043
       180.65053       1.2618735
       40.912618      -26.178193
       91.924949      -11.599637
       267.15566      -30.477160
       175.44934      -27.502997
       62.740333      -18.638624
       77.168764      -46.851583
       358.25976      -8.6794400
       331.07769      -5.3934140
       161.49945       33.563113
       246.48360      -50.785727
       31.850876       3.1695382
       65.588112       46.536506
       64.397675       37.642578
       8.3284055       47.621727
       266.63819       59.543490
       242.84327      -56.401741
       83.549392      -19.986552
       136.21337      -39.620760
       213.48883      -71.017374
       15.361102       38.052596
       300.10855      -12.559489
       135.56535       26.263134
       73.023182       80.475349
       1.3996766       41.778463
       283.39859       55.858431
       1.4280916      -63.167861
       139.96461      -38.089044
       197.88541      -27.230114
       242.47140       58.960796
       265.85380       1.7876194
       69.960789      -12.754866
       308.37048       54.271385
       115.39528       25.939713
       17.442606      -16.196205
       143.27208      -45.883799
       6.8713632       61.804399
       21.334836      -27.544003
       290.24547       73.225174
       138.77349       8.6712353
       225.76202       8.9958263
       118.89551      -44.712597
       335.14416       68.602158
       323.30330       41.575217
       268.36798       9.7370333
       333.83433      -23.516467
       211.47219       84.371175
       322.20736      -26.055354
       91.612263      -17.656316
       133.64579       8.0096886
       255.12249       80.754538
       66.523269       5.4829692
       256.68270       39.120003
       154.85352       44.816076
       319.69050      -24.389212
       212.30327       55.990797
       174.87392      -6.0676243
       87.217716       50.969631
       279.96385       51.182434
       223.22527      -10.136748
       351.85992       8.5085060
       198.38722       28.871016
       157.49528       70.716459
       172.82070     -0.55481468
       149.97777       27.458899
       54.551315       43.450678
       102.56453       20.821882
       341.23076       20.125164
       308.77259       44.560317
       86.948015      -30.736609
       159.33342       70.535492
       140.27281      -6.9053962
       75.955807       60.808929
       33.814789      -44.872638
       87.688936      -41.271116
       198.89416      -21.745693
       172.10741       18.352877
       51.583048      -9.4702270
       288.71892      -66.466942
       143.15850       24.284084
       189.96464      -21.610527
       301.53913       3.5572458
       96.585286      -16.439813
       266.72740       53.332041
       66.927478      -21.253869
       99.763865      -34.863454
       146.73219       65.482994
       357.72483      -21.284614
       341.47101      -54.967015
       143.02238      -1.0922998
       202.78991      -70.137898
       263.68959      -34.037058
       122.73907      -6.1929193
       343.14604       61.528700
       228.81560      -62.382073
       117.81064       16.525979
       275.03480      -36.171468
       242.47842      -47.677857
       295.14353      -26.166700
       126.30553      -17.914439
       320.16760      -24.947046
       54.287414      -76.815791
       358.61387      -9.3490199
       145.69545      -4.6961849
       6.6730806      -22.095191
       14.729800       3.6191884
       343.59604       39.432105
       136.67350      -45.205884
       285.75472       20.807855
       155.98864      -12.693080
       91.659355      -27.256480
       76.946232      -34.876940
       355.77638       29.647114
       139.48674      -45.505040
       332.60015      -6.4420754
       271.23701      -17.125955
       26.093894       56.889982
       73.586728      -34.500429
       224.56902       6.4417514
       138.20978      -21.541254
       292.52509      -10.194921
       120.46821      -49.690491
       5.2501762      -58.936435
       337.25958       30.894607
       7.6625089      -41.340036
       252.09726      -68.777598
       178.26529      -50.310318
       195.59397      -34.786422
       129.70242      -8.2094343
       159.51697       2.1707949
       172.30865      -11.783883
       215.21567      -31.686993
       116.95813      -12.573569
       67.197473      -37.065988
       217.19593       56.459108
       342.10991      -50.420370
       225.73272       9.1602946
       106.88962      -1.0356322
       201.05263      -11.385074
       4.8502841       26.052896
       12.773263       7.8078577
       108.39868       60.136743
       74.599012      -39.733834
       109.05657      -10.034803
       170.16372       4.8452260
       184.29976      -70.781662
       290.01244      -31.377982
       212.06391      0.95731521
       11.707166      -36.174510
       262.43401      -59.431981
       324.88268      -55.256358
       261.92738      -21.672723
       290.67106       5.3688011
       338.00878       29.540391
       324.25747       55.949401
       230.82607       25.811577
       330.90850       57.308241
       183.85982      -5.6043713
       107.62397      -49.910078
       48.591928       2.6362568
       160.58937      -26.450330
       350.82530       13.949720
       333.55862      -33.292926
       75.708354      -18.312221
       101.85295       60.197985
       252.79181      -36.191931
       233.71121       61.957028
       36.208468      -11.878523
       345.72011       6.7450117
       162.46536       79.840085
       137.26576      -73.859550
       242.91338       26.505962
       320.73238       15.598677
       20.584643      -56.203085
       286.26096      -31.570643
       146.63418       12.890138
       19.074149      -8.5546058
       24.668596       39.153594
       289.97931       56.195403
       53.341837      -28.001850
       350.07014       46.026914
       285.96172       41.301808
       3.6754420       7.8849719
       314.85512      -19.392017
       301.24081       66.697974
       29.393349       33.478362
       285.32896       1.3958253
       264.56516      -7.2891644
       124.98960      -19.566838
       71.964588      -13.512365
       135.18876       21.948220
       237.28171       38.843234
       59.553106       43.704396
       301.40268      -9.1634168
       72.977134       19.995124
       73.289411      -72.700146
       219.90424      -13.532761
       25.729944       54.434191
       226.77600       74.673127
       236.00578       22.108254
       260.95402       58.226712
       348.31380       54.674052
       208.13504       50.687656
       35.108205       3.6399731
       56.409746      -39.911530
       192.82323       36.765656
       109.08825      -57.522889
       48.148235       24.663050
       162.94678       22.539266
       192.62194       18.768688
       271.59026      -86.552192
       15.118143       84.665205
       307.14560      -11.059090
       142.63231       39.162656
       95.619910      -31.139449
       69.315822       12.177305
       247.09464       25.272177
       41.365287     0.097150736
       223.71208       68.591602
       91.797619       80.745712
       58.969887       3.0934611
       273.51574      -30.716965
       231.91994       64.483023
       222.29310       43.957395
       122.90778       50.173522
       321.95218      -40.844079
       37.552419      -34.892975
       308.93511       41.312287
       248.58109       22.260577
       101.66125       3.9417065
       32.041598      -15.296795
       334.60890       1.4494125
       308.43877      -78.691793
       289.65975       66.542295
       236.96375      -48.423482
       101.59349       20.308882
       2.1145580      -85.778748
       323.59317      -66.184364
       123.53445       57.919028
       246.55666       27.825847
       263.21978       57.253616
       260.67695       20.156218
       76.771858       12.158714
       148.43466       45.145388
       273.80332       78.052999
       138.73667       50.353236
       306.02416       19.892054
       170.71264      -37.708560
       308.46417       29.616271
       224.24383       54.583916
       151.22104      -16.301633
       212.76071       4.8964924
       2.5665515      -43.671976
       128.96614       26.066351
       151.27999      -59.063422
       183.66523      -30.587469
       297.32432       1.8610727
       144.30045      -47.841291
       134.81251      -27.441178
       85.118453      -61.536962
       147.88403      -13.133037
       327.04661      -35.047222
       62.660870       39.428891
       292.14260      -16.274505
       53.941679      -3.9403812
       161.47649       71.771525
       286.76244       55.590910
       42.548129      -59.368330
       238.43864       82.420459
       191.70417      -49.829949
       219.26449      -34.384672
       303.73680       32.224321
       287.76030      -43.740845
       135.30145       18.695791
       33.793305      0.13790373
       190.17851      -37.355633
       241.05773      -26.395082
       243.76974       3.1572050
       276.04501       28.140752
       242.56583       12.458931
       330.15206      0.30831776
       110.41909      -21.316452
       15.231187       58.135007
       98.766699       8.6896630
       166.29718      -48.466225
       310.29706      -17.922427
       336.17197      -6.8849105
       64.998806       73.487146
       61.874625      -46.477104
       139.81049       39.219046
       125.20013      -79.831197
       70.980833       69.480976
       303.69129       57.188131
       65.083901      -24.457087
       231.47860      -49.774985
       256.51409      -33.512924
       66.842498       9.5439515
       19.370029       17.629352
       20.228592      -22.593084
       224.67085      -5.4973622
       143.96187       1.6178905
       206.43331       29.743647
       101.16379       12.461773
       192.23395       6.4259614
       330.90763       23.123023
       122.56775      -4.8754260
       277.44105       27.226406
       237.98575      -14.972370
       107.36127       16.549112
       166.46944       29.122659
       358.78486      -14.876710
       254.87660      -63.978470
       63.333109      -81.172462
       253.15851      -14.541600
       317.75465      -23.202219
       352.85898       10.809332
       147.93339      -34.606093
       69.009159       9.3744709
       144.33269       37.401983
       185.26214       42.970451
       263.35576      -10.526966
       54.241054       42.905344
       56.927904       28.240241
       113.49367      -24.296981
       252.87349       23.731376
       234.83999       71.691416
       20.779779       62.004330
       52.335411      -9.6282165
       275.63174      -4.7029644
       21.115884      -11.280023
       142.68604      -65.414586
       333.55182      -19.559329
       23.381298      -5.6511282
       265.19807       35.930796
       236.51305       21.136964
       71.332103      -38.404145
       244.51962      -50.133570
       109.40561       1.9328878
       238.42931      -12.191967
       245.72234      -83.484333
       74.546296       39.473576
       322.17781       19.947652
       181.37140      -77.761881
       29.542202      -28.506982
       75.488690       35.674441
       157.39349      -43.220319
       177.93182      -25.290078
       111.36016      -19.949618
       358.54205      -36.410021
       315.33008      -54.533583
       130.85248       46.810001
       121.91576       49.287804
       103.01943       23.343285
       314.27500       4.9614220
       265.19189      -69.702120
       158.94215      -3.9701944
       180.49780       10.323305
       154.55043      -31.317616
       96.969803     0.083577325
       103.11688       76.494042
       149.37069       32.810398
       316.63465       52.023084
       116.43743       32.806520
       359.87557      -54.117111
       288.10498      -32.165760
       245.45756      -32.094723
       212.94721       4.5402985
       181.29398       8.4589622
       185.52987       24.415876
       342.37012       52.137880
       246.16010      -34.845687
      0.52465625      -36.190072
       233.48979       59.726827
       111.69833       55.183573
       170.77616       10.199259
       186.00187      -37.764875
       239.18924      -24.823680
       161.30548      -8.2623948
       49.935165      -33.418650
       90.496322      -34.233290
       10.804558      -72.135833
       45.618639      -3.8609898
       126.48214      -10.732360
       74.302702      -12.344480
       4.4868147       2.7236245
       31.956470       10.701945
       72.675842      -39.379022
       44.394888       6.8721775
       49.714310       74.767083
       4.0443157       26.545318
       205.45226       23.004622
       137.62858      -66.218103
       347.55243       21.664423
       288.75498       24.137471
       165.08291       35.450927
       165.65044       81.784345
       89.240898       3.2447085
       276.49866      -35.291569
       276.39275      -67.837893
       228.08113       23.819210
       233.13622      -9.1436590
       329.15084       69.197846
       55.394920      -11.129476
       97.801457       11.238471
       308.18441      -53.689065
       67.950303      -57.338245
       57.067400       64.704798
       109.19345      -55.134043
       309.81889       8.3022467
       186.36034       9.2490270
       143.82930       56.410627
       20.596193       20.625877
       242.77692       37.370821
       339.73332       1.8651115
       108.71440       20.011605
       89.361887      -61.948346
       264.07478      -39.653472
       153.94005       5.5342759
       251.28205      -36.242728
       215.79856      -41.274421
       211.88252       9.3219211
       105.80766      -69.004404
       264.02849       58.299945
       321.21411       16.729025
       314.09480      -7.2608897
       121.19447       10.089404
       316.37535      -69.001818
       126.08353      -29.473415
       118.59322      -29.159207
       128.55175      -9.7599105
       198.75474      -53.799814
       56.005715       31.808959
       65.654808      -24.379362
       51.599259       81.314526
       161.16192       38.701485
       347.91740       13.270995
       155.05532       13.127580
       62.522595       8.3261798
       271.52709      -46.186136
       354.92355       87.013550
       50.962674       42.520038
       112.90354       49.258621
       150.44995       8.1586599
       16.810299       64.924231
       170.25305      -49.564642
       214.01173      -34.139557
       347.82970       52.687428
       130.61095       2.5251189
       197.47870       55.301292
       114.98074       47.843793
       323.45887       63.207186
       68.369221       33.366668
       268.87569       36.147697
       140.17256      -45.789774
       251.70703       77.054439
       331.16624       40.751518
       80.695005      -70.595670
       101.32486      -42.683403
       162.06527       21.305757
       314.97429      -2.8094783
       105.32709       46.364592
       202.46333      -16.393908
       300.27257      -4.3150437
       264.63434       4.4653605
       82.748340       50.530102
       61.649025      -42.788451
       156.74910      -22.462067
       200.68618       6.5821378
       29.958575       70.065839
       66.390709       27.651432
       160.12933      -49.249241
       346.58260      -32.623755
       64.446914      -52.706569
       9.6749596       33.900856
       244.47385      -6.6963779
       293.78073      -22.212202
       111.41159      -4.4179813
       43.111931       72.025465
       206.84614      -39.393595
       78.634947      -47.618991
       310.79213       53.767184
       91.522151       24.589643
       208.31199      -37.046453
       74.969527      -64.934032
       126.81740      -3.5571967
       141.50733       78.483700
       93.428006      -10.035390
       327.07358       47.430734
       155.55157      -22.344455
       4.8616443      -37.773411
       150.93726      -77.250502
       235.72666      -9.5580684
       307.77290      -6.4114746
       162.23987      -25.215547
       50.699811      -43.155138
       180.79301       16.879656
       265.62927       32.739126
       150.94223      -45.357267
       197.33840       47.057472
       327.43543       52.142667
       155.19619      -29.773859
       100.89980      -19.327284
       111.28293      -2.6355353
       14.499494       43.280833
       311.21675       28.702133
       78.714145       20.243506
       102.17566      -10.830998
       146.16357       3.5913848
       176.01317      -16.698758
       80.632934       68.535576
       299.45064      -59.126623
       96.577882       5.1352195
       9.3550748      -44.948141
       38.665064       34.735280
       157.15476      -56.919997
       122.53094      -14.367643
       172.84543      -18.261329
       249.50768      -49.370346
       234.02963      -6.0439600
       312.07229       37.270472
       252.93174      -30.898188
       131.75867       12.661279
       50.006949       17.787951
       238.16091       14.921557
       240.47656      -2.6587787
       89.578670      -68.415750
       330.15329      -75.307111
       244.44817       78.500050
       198.73277       4.8525275
       351.79345      -64.689483
       237.76914      -16.785494
       74.219426     -0.41850289
       269.42702       24.950259
       268.58230      -5.9671037
       324.31111      -37.374986
       75.717135      -7.1837132
       42.563023       58.631032
       250.70384       43.080518
       125.72607       6.8810798
       51.258316      -13.180738
       106.88803       47.496405
       135.32879      -69.049254
       153.46074       27.595414
       37.035200      -21.332006
       58.116144      -59.188894
       118.32900      -47.696284
       239.27775      -6.8166896
       195.52502      -7.1096836
       235.96929      -35.734033
       256.40159       75.643334
       261.10364       44.576900
       319.21778      -14.406412
       302.31745      -43.465355
       222.88925       41.460170
       288.02485       10.248867
       290.94928      -78.612913
       235.46216       44.965403
       311.33869       50.170212
       350.73437       16.845182
       34.840705      -6.4229140
       244.49821       6.9180755
       183.76796       44.212910
       41.119838       5.6778005
       90.695125       49.716906
       241.32591      -61.896236
       114.97933      -52.844534
       65.763625       17.362735
       209.14084       28.316385
       166.35882      -47.709922
       316.46403      -63.598375
       288.55460      -7.0275934
       271.37023       4.9623639
       204.88864      -34.196995
       305.34232      -64.242180
       132.68841      -1.7194015
       147.78591      -28.448207
       227.70985       9.2251128
       228.98612       8.2642102
       261.38587       56.622377
       256.63006      -1.8171270
       131.62076      -18.089960
       77.788745      0.12285880
       196.34779       42.617383
       156.94074      -61.422872
       327.60450      0.16915550
       60.064732      -80.393631
       247.98780      -11.204312
       226.99300      -52.090830
       293.97830     -0.15059590
       272.42460      -26.095400
       202.49524      -24.584320
       159.15412      -21.196151
       279.70910       6.3440212
       206.34741       33.257321
       75.718717      -31.104016
       267.16152       31.525759
       326.39612       32.958465
       152.37749      -47.603057
       345.82768      -73.741882
       90.191669       44.069622
       337.43280      -42.998313
       305.84450      -51.477492
       332.23607      -62.325182
       96.374877      -51.413836
       270.36592       52.771324
       358.57539       11.716150
       90.820087       18.071067
       24.452901      -58.745857
       52.685167       3.9016358
       25.027910       10.573279
       247.49111      -7.6639619
       336.38275      -72.123038
       284.10022      -10.927243
       105.42106       63.566693
       61.762558      -23.244547
       161.96816      -37.076431
       242.55325      -2.2620556
       20.957391       5.2481803
       218.49359       21.217507
       112.61151       73.491747
       6.0593665       24.344822
       66.389621      -34.010575
       191.63896       11.704362
       267.52198     -0.87570880
       230.61109      -15.257562
       80.114411      -31.210516
       245.67092      -74.502783
       54.651985      -17.268360
       284.78970       53.433850
       107.60600       6.4629384
       57.186967      -74.207499
       284.52157       33.663831
       296.19505      -7.9693940
      0.98649291       19.399552
       87.234443       52.613957
       112.63578      -14.635331
       337.94708       46.713758
       330.77612       30.294747
       16.335748      0.89141628
       234.03621      -18.655415
       100.96327       48.551747
       298.19030      -43.866044
       11.965243       7.3385368
       356.68536       52.224839
       29.582273       20.425985
       106.68984       13.586714
       82.865430       29.429996
       336.07281      -63.165164
       216.03160      -66.315537
       168.20460      -15.620044
       57.695981       19.080181
       328.14389      -17.463649
       129.21211       85.745109
       79.919688      -56.528933
       28.906943      -9.2041933
       207.89161      -71.368294
       331.60195       49.018462
       24.442180       29.924153
       210.10679       23.084283
       303.04880      -44.663402
       317.37385       69.670945
       283.79546      -19.000883
       63.505443       68.489173
       105.41034       52.126795
       341.23806      -42.890369
       141.05272     -0.26961463
       150.43808      -33.563920
       239.17779       54.584144
       222.56802      -28.148054
       315.42363      -5.3993433
       220.66625       39.550014
       139.74699       34.831590
       127.10555       30.453238
       94.414962      -21.198541
       324.88414       45.281349
       319.23172       61.676299
       188.41933      -14.033049
       13.088362       7.3191061
       267.39066      -31.218768
       65.392618       5.5397127
       243.69939       42.030537
       39.754727      -76.407180
       66.782181       43.923145
       22.272888      -59.197752
       224.02777      -45.018807
       144.19915      -10.857548
       83.527826      -4.3347013
       61.846717      -8.7225889
       282.38400       9.5665366
       73.375762       6.1456438
       335.49365      -1.3265751
       26.588726       32.637815
       89.002122       3.7872188
       204.91465      -17.248753
       209.09868      -12.742757
       202.60092       35.665599
       174.68954       12.504398
       347.90513       27.131680
       227.97396      -26.930353
       123.52608       8.2706397
       273.14151       49.351881
       194.21233       6.5635542
       286.20787      0.88497367
       156.41584       4.1415405
       94.550068       3.3541792
       161.84077      -31.297326
       116.28935      -30.029547
       37.182012       38.490562
       226.88622       56.836938
       178.08057       45.393948
       142.68515       69.274181
       65.320764      -83.041883
       69.572800      -44.583867
       84.268804       50.503198
       91.401790      -22.640812
       74.409327      -2.3386280
       7.6405290      -61.779631
       329.42757      -80.442508
       17.686821      -14.043501
       147.80674       23.386167
       317.64540       47.874605
       311.78245       26.795717
       231.95075       9.6879885
       10.417238       76.820918
       302.60844       26.484380
       81.116755      -39.659200
       142.36118      -64.297565
       268.05495       21.748170
       22.904465      -27.230980
       60.744118      -45.756709
       347.23766      -63.896677
       294.60685       40.933677
       276.92401      -14.128735
       40.090626       33.278342
       337.71151       56.884206
       186.38482       1.2664530
       118.46147       51.593963
       69.658787       14.636146
       353.81683       45.060146
       8.2779478       24.973539
       337.65613       25.336251
       273.85671      -9.5485211
       115.59449       16.091261
       152.41864       19.053643
       164.59563      -9.0039365
       262.73673      -47.559732
       119.89665       68.014434
       339.77176       56.696524
       58.250801      -23.959971
       150.70084      -4.5021475
       98.664695       1.8725956
       97.191637      -30.483173
       239.66870      -13.951561
       313.18024      -10.935032
       92.710360       42.767433
       302.03318       74.366137
       311.75621       50.352970
       178.54698       17.645133
       197.58570      -21.040212
       327.12881      -47.511755
       195.23693       58.678633
       18.306220      -21.124388
       328.40866      -40.978894
       121.77331      -20.360560
       214.89230       44.601913
       337.50355      -4.0457202
       98.033301      -26.496111
       134.77014      -44.585679
       158.49562      -14.052076
       315.64857      -37.863016
       279.88090       22.514415
       160.54602      -27.808266
       23.548867      -11.894829
       46.279172      -62.036856
       39.839340       40.369860
       142.97483      -25.484956
       324.51060       23.185506
       98.292662       18.936273
       100.79467      -16.087110
       313.53228       45.678206
       313.54064      -46.074845
       280.09445      -8.1059706
       163.16175       28.320494
       259.75182      -20.266903
       156.36402       59.571081
       79.776970       15.587384
       229.80106       27.040803
       32.209526       2.4644138
       327.56142      -56.266632
       267.89957       14.896639
       212.45017      -5.5562661
       251.46482       47.053854
       202.19231       22.921864
       93.017167      -33.406700
       213.43100      -23.405669
       310.10549      -60.732681
       72.469183       6.4824971
       303.08416       66.550742
       191.09999      -32.970801
       251.99674      -20.751177
       123.81638       4.2415886
       119.26457       35.221233
       43.607454      -74.727528
       204.94224      -63.742423
       330.53320      -15.824637
       120.42386       9.4757606
       251.86400       6.7018593
       177.28448      -30.005025
       329.43216      -11.202652
       129.41565      -80.437021
       283.54171      -54.572696
       248.38713       21.339839
       48.800074      -47.940031
       77.954779     -0.71413027
       116.86626      -70.470075
       26.359141      -73.629417
       255.38540       25.997410
       89.500323      -18.010731
       216.21675      -27.856477
       154.09070       16.110442
       300.85684       44.196388
       139.44791       12.392502
       337.20254      -68.055373
       213.53589      -69.133604
       288.14088      -23.748343
       222.88296      -35.909590
       248.22900       32.546215
       263.00189       3.8791886
       217.19597       16.698197
       209.85209       86.626554
       239.61320      -73.371689
       181.40499      -75.421361
       70.314447      -26.472675
       183.33226      -70.675525
       329.88844       6.3154596
       110.93999       51.517144
       64.416124       23.112769
       139.08796       12.002937
       152.99764      -16.573924
       300.59225       21.113139
       205.22183      -65.497384
       14.425549       5.9473732
       219.14927      -26.478619
       78.548376      -21.218346
       7.1518559       25.446785
       70.653475       35.272537
       21.113737      -39.042638
       129.33568       80.294097
       234.23420      -43.569444
       221.18677      -38.201737
       68.579879       17.084746
       164.01349       12.134827
       282.46339      -56.731722
       40.029708      -60.230126
       67.552361       35.049574
       71.713936      -21.412145
       4.8974224       2.2540735
       317.85601       5.1485513
       320.88746       32.320865
       53.619812      -70.370818
       97.031524      -29.439806
       53.905541      -6.7045460
       33.089448       67.505840
       273.57758       15.875943
       44.558954       51.676590
       321.42620      -20.133344
       350.33815      -52.834785
       206.54423      -26.024969
       334.94226       38.485842
       178.26151       31.634196
       109.45685      -30.370511
       31.478487       48.419599
       151.66977       4.2032024
       105.20645      -51.700427
       192.80681       33.725735
       265.42033      -25.787031
       308.93120      -34.756400
       113.20805      -16.110359
       134.97042      -38.612215
       284.13783      -52.462203
       56.178361       17.064039
       188.33896       12.813225
       356.29569       28.411066
       246.88966       48.806502
       279.47397      -23.898848
       41.734607       17.703804
       101.69876       66.103620
       355.70969       35.106181
       359.97437      -14.845573
       166.60639      -57.307297
       158.05575      -75.615128
       272.96493      -76.549011
       24.850974       60.721851
       127.91710      -9.0873283
       236.09426       52.025640
       57.524912       21.282390
       167.79482      -69.752875
       75.002743      -39.510109
       57.749929      -53.758091
       186.03080       72.252692
       125.33461      -4.3870798
       302.92444       9.9359974
       202.22919      -54.171156
       221.42525       16.372133
       257.45377       27.238278
       223.78657       29.285539
       58.726570       50.610932
       335.88390       71.610017
       307.52715       26.577971
       11.235533       33.696523
       43.499012       7.2826811
       106.84070       75.553939
       20.589933      -77.030222
       335.97178      -3.6994587
       279.99684       30.811258
       193.94993      -39.441021
       212.97000       70.620885
       32.139768       21.504236
       157.39080      -39.244931
       77.053353       11.129024
       279.66158      -56.399980
       316.54702      -19.066682
       309.25632       64.651505
       38.870434       37.178960
       151.82775      -68.962444
       121.27913       22.283593
       260.56220       34.492423
       337.93155       45.539876
       81.890262       47.245462
       186.98272      -4.5653042
       184.34091       14.114564
       120.91551       14.893807
       201.19246      -2.3632075
       214.60904       1.6989236
       262.15429       26.835386
       74.612141      -53.000479
       283.69969      -64.058782
       221.11553      -36.930238
       60.545247       59.825424
       105.26150       31.404845
       203.58362      -17.682054
       167.53200       27.632460
       311.07257      -23.590424
       229.13667       33.143749
       325.73763       19.796124
       8.9348058       55.759523
       278.09856      -9.4559367
       216.28008      -25.898369
       59.776926      -52.792678
       134.72177      -47.181780
       238.55258      -29.933698
       244.01422      -61.124313
       327.65893      -67.858295
       322.61775      -68.021550
       257.67971       27.516869
       306.53393      -56.118462
       219.09228       81.049630
       238.26405       47.737074
       51.702628       20.814745
       334.51540      0.35167206
       63.713159       39.227514
       165.20240       5.1077602
       266.36759       31.214469
       224.81180       42.746436
       142.32295      -8.2655110
       109.24980      -34.824983
       117.99948       35.559229
       3.0652664       13.084430
       10.774315       31.170228
       118.14122       45.316841
       192.15747       10.824786
       310.64911      -3.5155064
       71.489971       1.0207568
       139.93618       16.275119
       198.29867       28.403420
       325.36333      -6.4358270
       208.74864      -43.434954
       130.97728      -32.234359
       8.6303443      -2.9991595
       175.44271       37.792128
       155.64813       13.298793
       132.14404      -35.721335
       12.625047       16.475230
       278.94701      -13.202803
       222.03656       37.011602
       200.47546       49.279609
       125.99889      -85.724053
       299.57721      -11.322397
       286.09687       25.770390
       347.83044       20.663001
       200.93891       29.249916
       93.743678      -59.227132
       62.614717      -8.1503710
       187.28195       34.801912
       107.51383      -50.574398
       27.611965       24.699086
       328.75529       12.078901
       213.20212       64.346590
       305.97068      -10.289548
       309.47441      -79.354105
       321.63882       10.825401
       37.342348      -39.239147
       50.849885      -11.075109
       62.015773       66.542666
       181.69111      -38.764879
       105.81249       26.615965
       268.11996       15.149324
       132.70468       3.6184071
       208.03441      -64.649485
       160.92751       25.429617
       259.22927      -13.828457
       70.964469      -43.896673
       260.26247       78.394118
       15.389188     -0.81998835
       161.13618      -57.810555
       59.754060       6.8626043
       273.79075       17.206264
       305.25501       10.270784
       28.497402      -19.690948
       314.06937       58.935676
       134.04564      -48.712496
       298.00442      -3.6998530
       261.85590       4.4209809
       9.9722810      -20.237224
       151.39051       54.740836
       7.5344745       67.744442
       31.092662       70.565925
       219.73453       49.217804
       272.55653      -27.566497
       137.71158       37.763604
       309.42215       66.140357
       266.14314      -19.303824
       251.75281      -54.355544
       196.63294      -23.356001
       313.39483      -14.265609
       248.58730      -32.643518
       216.84742      -71.993622
       191.63381      -43.958422
       343.59927      -43.225673
       225.06635       29.590863
       220.84082       64.057865
       56.706093      -4.8081067
       248.01850      -20.034791
       35.346287       75.348806
       187.66123       24.643094
       222.31490       9.0644195
       318.60715      -59.605115
       224.89579      -46.788911
       240.79136      -32.226749
       197.14028      -36.108660
       314.01089       40.473915
       274.68391       27.427148
       188.66877      -43.190757
       171.55606       75.700628
       193.27760      -30.682014
       219.91789       22.025733
       21.077096      -21.897551
       303.57794     -0.21299218
       237.24911       1.4884735
       65.046762       7.0754883
       332.88827       15.868625
       207.28904      -62.048569
       175.76147      0.67183085
       284.00221      -57.683736
       307.56604      -38.065926
       55.922866       65.863222
       242.53894       47.683104
       102.38313      -3.3570555
       126.39226       25.163482
       41.900362      -21.556323
       35.530240      -21.648103
       297.93158      -49.913886
       28.976181      -58.326396
       34.391328      -25.242470
       47.044958      -35.197809
       242.04698       50.617947
       45.717419       4.9272795
       51.240230       12.510312
       348.37455      -6.0603220
       25.753520      -59.405017
       16.976058      -25.057152
       339.07991       50.250666
       318.83536      -13.678167
       278.25430      -46.272312
       228.06053       42.072104
       37.958680      -12.696769
       265.13865      -15.206786
       198.12669      -35.376974
       37.564048       38.359004
       337.60883      -29.599467
       346.53515      -70.755095
       179.68067       62.336218
       97.756217      -43.304770
       99.216848      -23.805020
       340.59885       12.098463
       112.47358       43.186408
       229.70015      -30.354910
       50.194953      -14.723963
       5.8545415      -7.5920983
       139.64872      -3.7503176
       264.15845      -36.610220
       308.30946       52.048821
       216.76776      -45.029874
       318.97041      -5.0991457
       317.88907      -57.140324
       315.58892       18.160342
       265.20916       24.951440
       335.39118       11.631078
       241.34908       5.8599788
       29.916014      -68.244984
       176.37886       63.773210
       161.97438       20.244877
       330.89415       31.543995
       241.59383      -4.6427478
       212.66582       9.4273512
       145.57110       4.2754732
       36.881844      -17.985693
       168.73100      -14.246810
       139.51096       10.889768
       68.857020       33.332216
       80.583768       57.308793
       48.736497       25.396573
       140.35960       20.423029
       156.42200      0.69142605
       31.102668      -30.265468
       305.95415       51.837947
       44.269121       13.524551
       289.01686       9.6721192
       4.2172366       26.537697
       61.366803       81.666682
       248.17161      -12.655851
       165.78389       81.044839
       53.145626       25.506827
       204.06369       38.169335
       27.316113      -37.107698
       200.44999      -34.611474
       146.83221       22.404895
       63.023085      -52.917477
       126.17395       49.518322
       307.58827       74.914744
       17.384866       42.580903
       198.80728       25.841974
       27.536616       39.099006
       172.78873       62.046696
       301.11207      -55.549057
       8.2793120       28.006985
       66.177481       39.026296
       64.097832      -3.7774383
       176.24489       53.603337
       76.354499      -64.380609
       348.24941      -7.4410817
       53.152231      -36.716715
       154.07359       13.266250
       201.05193      -80.148998
       269.49314      -68.061971
       298.79638      -5.6708914
       264.88688       26.023961
       335.35766       32.604660
       57.809446       57.037534
       128.27421      -36.164133
       148.24075       38.466332
       303.57217      -15.152800
       335.94619      -28.311127
       25.314704       5.6779653
       129.58412      -16.261840
       80.102113      -75.134922
       218.13283       41.748429
       183.66884      -46.585957
       14.342608      0.59172582
       21.303196       35.174585
       281.04339       45.626182
       290.08085      -41.500217
       32.032704      -7.6876045
       116.64105       36.404559
       2.7086148      -17.327908
       103.23655       58.866922
       326.18083      -33.255665
       212.79535      -60.529818
       119.87320       46.039941
       104.76430       32.972316
       53.150432      -66.680634
       195.74413      -71.752257
       303.25018       1.5710778
       337.07566       44.728119
       275.71910       18.314231
       253.90073      -54.424695
       185.26762      -57.755165
       291.75033       43.189907
       77.103591       44.864507
       229.64485       66.230703
       240.06047      -2.9618050
       175.76339       45.554600
       289.04279       23.790371
       15.618046       74.419662
       128.96604      -24.350916
       145.20501       43.048267
       37.428445       54.749770
       293.54365      -9.1144917
       38.623597      -12.197628
       20.164672      -8.5532709
       322.55530       39.229989
       149.92449      -28.890984
       74.232963      -30.811648
       356.16599       31.007654
       231.68007      -14.172863
       311.09256      -36.796014
       21.791813      -58.486529
       169.39501       67.070990
       338.14988       61.295804
       343.07739      -47.543003
       1.5945309      -62.472743
       130.86283       37.677774
       90.525005       49.642539
       286.65912      -15.151840
       229.68346      -29.122064
       250.19970      -68.874729
       69.697139      -42.041731
       326.69717       31.393058
       20.971137       36.962048
       114.14621      -1.9699378
       240.87779      -76.274684
       251.33171      -48.906998
       185.63817      -25.312116
       56.135033      -58.580969
       139.32073      -87.176254
       177.22035     -0.36399576
       36.863887     -0.33345165
       284.65950       22.457088
       169.54454       9.8844563
       277.82030       48.098843
       288.24205      -8.3360947
       130.74258       5.2578193
       315.24049      -46.010534
       246.53693      -15.120059
       311.01108       24.350072
       357.69317      -9.3050166
       276.07328       9.9104805
       157.96119      0.68534211
       112.87755       50.239723
       75.405208      -52.766130
       132.87013       12.981250
       35.005585      -14.141146
       234.19256      -57.176718
       41.895975       5.3631279
       277.70338      -35.227262
       166.85689       2.9016925
       268.98227      -55.706377
       164.28349      -7.1807124
       39.915709       2.2500909
       175.30066      -17.152959
       8.3091095      -1.2228214
       50.413940      -55.112705
       11.608873       15.635347
       154.60963       11.064514
       133.14046       4.5149533
       65.572447       73.749720
       356.28206       56.300919
       123.09968      -48.505850
       185.89248       49.033305
       344.28117       3.9932183
       27.179318      -79.664905
       186.55002      -16.617837
       341.50819      -67.392757
       210.12584       40.075825
       230.05106       30.234668
       308.91132     -0.28468119
       208.80855      -22.385040
       260.03863       9.4610767
       91.477387      -34.399721
       251.77158       56.437182
       268.69833       52.770438
       356.74082       15.564044
       246.79700      -71.772982
       300.95815      -16.889531
       45.202193      -41.800911
       1.2511121       18.202923
       167.61141       48.983972
       199.19810     -0.22844635
       89.910684      -42.908143
       173.68917       53.146935
       204.45054      -51.577403
       112.92253      -85.472890
       108.35528      -9.2464318
       40.106972      -30.247331
       192.79592      -20.226560
       35.384537       3.2150842
       49.714789      -17.472154
       191.48006      -2.9779131
       242.45175       40.079287
       4.6676458      -76.884943
       315.85043      -35.437710
       353.99705      -4.5002691
       175.31303       10.507362
       89.439503      -35.281578
       339.61116       33.463541
       350.00497       47.978553
       52.309194       57.470536
       330.27803       60.417040
       253.17105      -23.111686
       290.80381       30.214868
       238.99397      -10.927651
       102.93788      -18.497221
       199.41500       4.9150145
       125.22102       3.0243763
       97.175300      -57.415425
       6.7084088       44.460048
       228.49044      -26.883873
       281.70986      -54.811899
       264.00790       43.430237
       304.79847       61.306448
       146.35229      -1.4275137
       238.81777      -20.212123
       204.39402      -41.275216
       117.96550       4.5306926
       78.519110      0.63122048
       260.02019      -39.457432
       54.294924      -13.717365
       257.57246       15.111531
       162.38560      -48.178647
       302.15749      -25.218554
       61.070836       20.301868
       276.76678      -18.717137
       294.13734      -5.7947428
       83.525808      -23.450259
       38.387247      -19.131719
       281.76239      -33.359419
       94.908561      -43.068788
       341.72498      -18.973784
       296.32871      -27.911366
       136.93266       5.5880603
       276.95612      -55.625296
       105.86339       24.844078
       274.87448       76.026251
       196.78070       55.491504
       309.65957      -53.648272
       207.80918      -10.669591
       335.56765       9.9376640
       89.320927       22.361752
       148.61307       20.974254
       226.67697       22.141408
       102.41269      -29.648609
       78.391803       75.339230
       284.45597       62.988447
       205.13062       29.989116
       268.95746       35.240100
       308.78071      -25.754229
       61.750094      -30.530318
       38.181118      -56.557514
       123.50769      -2.0614127
       103.78374      -13.981954
       74.868294      -29.435658
       355.63475       8.7220822
       168.68269       64.939182
       56.437005       53.485752
       101.23835       8.0996144
       169.83958      -1.7182438
       117.02067      -15.741879
       34.405317      -54.612078
       77.565593      -67.366296
       245.01164      -9.3530878
       76.481606       14.650499
       248.88240       34.364063
       245.24544      -60.639920
       12.614921       38.399086
       319.78490      -9.5754134
       133.40590      -9.6813736
       153.15554      -26.147456
       280.16984       47.056465
       13.391962       22.741605
       12.524411      -53.301341
       14.618189       36.883402
       286.45024       32.872461
       302.32480       5.0445613
       191.03873       7.2868102
       88.362428      -60.900029
       90.141223      -23.783779
       358.69333      0.10772063
       285.57820       19.830566
       291.07049      -1.3452475
       348.60425       33.684806
       267.44064       42.495304
       356.13964      -58.925716
       22.282150      -38.841991
       200.14116      -12.325611
       39.872091       5.9430697
       220.44185       9.2206553
       169.72127       19.762352
       340.13045       11.123644
       299.06676       45.512070
       31.382781      -29.483925
       117.42671       10.023575
       349.03862      -72.562272
       288.88240       9.4418769
       127.72075      -6.6659128
       200.67862       38.587497
       169.73303      -9.5210346
       227.29399      -8.4395929
       128.54603       13.534961
       155.71238      -62.211305
       106.06956      -5.0295155
       293.16235      -10.676005
       134.99613      -12.408263
       194.14229       15.589082
       22.781651       10.583230
       158.37081       9.7249427
       8.5138123       3.8073622
       159.71212    0.0050851181
       70.097809       19.338051
       348.56128      -72.026914
       354.60046       8.8143541
       42.853773       58.679344
       28.188722      -52.853767
       103.01904      -39.181758
       52.544231      -3.4317546
       4.1365120       25.127518
       286.07327       2.5303754
       122.78197       23.168334
       54.225752      -85.228901
       12.441781       69.983294
       326.36651      -35.794148
       108.97032       19.082497
       219.12544      -37.066201
       251.46836      -7.1496385
       41.408342      -55.049879
       315.45900      -4.4706822
       97.413293       27.780299
       28.505386      -48.380292
       37.049391      -28.345563
       171.13033      -28.587117
       172.98275      -64.848788
       299.37974       21.414705
       170.21103       25.915857
       175.88591      -56.354870
       315.56257      -61.162318
       239.78550      -85.686164
       349.23283      -7.0347402
       136.98302      -25.078440
       180.58600       35.248895
       245.61932       52.850825
       256.13872      -24.012464
       287.05885       15.385274
       222.23335      -20.762726
       88.798730      -51.173741
       240.49922      -35.737729
       122.12561       64.730112
       99.006623      -1.9276907
       223.21655      -1.8737764
       308.52939      -42.822793
       329.31929      -59.641677
       53.010935       7.2342442
       14.656270      -6.9982118
       246.52260       41.162423
       342.18249      -65.292662
       324.47144       51.435431
       120.68212      -8.3879960
       28.435811      -40.051166
       272.50871       46.203354
       139.38173       6.8809803
       179.92322      -53.948240
       33.217150       20.908229
       316.91718       3.7845883
       190.57240      -14.826187
       185.88785       34.837838
       120.39223       72.531570
       357.56278      -27.166632
       255.49561       15.138312
       309.12915       28.697831
       47.121364      -13.651559
       243.42113       47.295211
       87.327488       17.543011
       15.516913       10.108797
       72.257894       86.547423
       95.700229       51.239057
       336.89752      -68.815131
       221.40136      -89.053374
       322.12038      0.44819538
       29.852353       21.522364
       234.46373      -70.350201
       268.89997      -52.937689
       175.86746      -32.479283
       339.77999       10.010635
       191.94056       33.771848
       249.80989      -2.3972427
       218.61298       7.1535276
       1.5324719       79.457264
       306.82427      -14.253536
       228.86012      -28.377236
       356.35330       42.394133
       7.8597602       17.893033
       10.271350       38.592424
       189.71602      -34.403316
       29.214427      -54.577899
       278.45554       66.522899
       256.92213      0.34480592
       5.2232060      -64.522889
       175.68810      -9.9567123
       145.56591       60.818707
       311.42888       21.161928
       197.21414       17.548457
       234.09028       45.186834
       312.31265       84.251902
       250.18538      -35.094126
       70.362828       8.2898812
       306.13443       14.160906
       11.287935      -37.660698
       78.856576       34.798896
       318.18188       20.529343
       84.819142      -9.7868060
       315.94681       16.894859
       341.68467      -23.446109
       133.36805       4.0896483
       256.45362       41.651555
       182.46933       48.297238
       343.20204       48.220432
       17.484185      -33.227922
       358.81077       25.621287
       21.837081       11.254425
       307.78754      -51.343244
       236.50360       18.042493
       279.03962      -71.310778
       22.168099      -6.2539138
       37.342482      -68.777758
       50.719159       58.219098
       272.22225      -59.680644
       1.8358035       5.9168050
       70.141351       17.781015
       287.65747       61.807685
       9.6408945      -77.256938
       161.91913      -15.504041
       31.297609       39.008427
       65.332847       27.898621
       156.53204       80.966565
       275.86575      -65.238116
       41.327956      -39.661727
       43.349383      -52.435680
       127.04791       38.270587
       76.276166       21.568839
       53.274176       20.189265
       248.79003       50.622383
       8.1835907       27.621327
       210.64173       3.4583165
       160.66360    -0.033524889
       298.55992       20.969787
       49.714442       23.632090
       211.40040      -7.0902874
       41.324340      -63.219351
       188.95543       1.8161718
       161.79367       40.849368
       286.12688      -37.351358
       299.97450      -18.151062
       41.764452       1.7896727
       93.928456      -24.833103
       291.73067       13.677081
       33.490798      -55.089436
       246.38146       13.522690
       280.36574       4.6253959
       55.129035      -68.404437
       165.60009       55.882216
       49.986645       33.906024
       336.14375      -15.777127
       56.804192       26.280948
       193.04154       17.765387
       154.62177       33.321080
       52.533078       21.727057
       286.51066       13.723954
       253.82309      -17.448908
       13.451062      -18.874290
       132.92346      -9.0357757
       315.97714      -11.839980
       303.97748       60.985863
       333.10974       50.703475
       308.28911       79.745186
       356.80357       59.984737
       86.573530       5.9970035
       104.05442      -30.824552
       314.75104       36.859614
       175.35844       35.901858
       159.65396      -5.8813357
       50.911549      -12.052317
       270.27254       69.356412
       19.806852       39.748250
       92.359748       29.177067
       208.88748       14.738451
       240.22950       40.181838
       73.958471      -29.720890
       202.83863      -12.115514
       149.68312       20.979205
       182.25317      -2.3637792
       31.988294       36.431259
       66.457288      -5.0470170
       346.48312       22.615758
       281.91639      -24.599918
       198.94597      -44.578199
       183.81063      -27.351069
       55.365622      -33.078462
       35.330448      -46.848270
       226.05714      -11.835422
       118.74897       67.426710
       65.232619      -21.038292
       111.10224       67.124916
       202.34485      -51.579965
       241.85118      -35.057627
       23.734557       45.102823
       311.84371      -77.586025
       358.68947      -15.952363
       232.38258       30.181081
       245.83733      -27.004330
       126.44752      -38.888187
       89.721025      -41.164767
       186.34322       36.817246
       34.090430      -29.958407
       126.66221       49.479359
       174.14280      -41.610328
       281.54278      -6.6683841
       330.36604       26.227979
       64.062326       3.8746171
       168.71931       32.583887
       118.70488      -8.6649775
       28.501212      -60.392679
       336.22816       8.7487466
       290.71038      -15.864254
       247.26244       41.880797
       148.85222       10.716597
       129.60091       15.363464
       62.132306      -31.280235
       154.22137       24.599447
       319.95253      -32.215065
       97.485187      -31.791977
       331.28197      -56.772773
       71.797365       29.373302
       28.819675       39.502379
       318.31884       1.8380632
       242.27006       26.208568
       359.05417       3.2837938
       136.96589      -71.656037
       259.21095       86.266795
       128.51816       8.2539770
       153.13804      -57.329930
       65.933052      -12.386040
       17.470781       49.905048
       169.63641      -52.397367
       186.32624      -15.549783
       285.85753      -45.422147
       181.78867       15.397237
       307.39050       24.846919
       154.75481       2.1568052
       113.93989       18.594019
       155.27554       26.572573
       44.638141       39.219857
       239.07573      -23.266906
       340.14117      -42.388579
       8.0161844       43.312482
       161.13078       9.0244260
       356.92619      -2.0693623
       64.037961       27.908495
       186.99413      -38.668807
       199.87959      -35.333261
       130.54116       33.732334
       271.64456       40.748605
       231.53858       2.7276186
       79.089214       20.667518
       311.40333       61.552812
       165.38265       22.812914
       341.55640      -44.858232
       145.52515      -3.0645373
       156.41784       47.997219
       3.6012510      -56.570022
       297.21646       62.877200
       187.14951       11.966143
       269.24803       27.135943
       260.18535     -0.16789880
       47.538879     -0.93730016
       147.27483      -67.341635
       338.59404       29.264462
       209.30999       5.3972024
       353.01133      -9.0393836
       276.55662      -13.423530
       271.22631       53.481730
       266.55455       1.4665442
       30.928610       35.154765
       142.00799      -20.322368
       303.60863      -21.648172
       213.57513       7.7950203
       179.20313       12.853158
       13.042577      -14.301475
       358.29201      -37.337307
       173.38049      -34.507930
       154.90328      -21.209099
       300.40711      -7.4613200
       282.02725      -6.3889924
       96.604303       56.714435
       358.30996      -44.712729
       76.141501      -19.783050
       169.02640      -46.921731
       112.07610       67.256775
       172.93595       9.9869602
       267.67102      -42.184941
       95.001575       60.450023
       24.600795       45.369256
       37.797351      -24.898079
       144.95730      -6.0200670
       135.64025       10.460402
       172.97028       56.591137
       102.36048       34.363094
       62.162639      -57.201552
       32.155892       28.549404
       263.36292      -36.280573
       322.62805      -54.791824
       68.762458       62.768292
       184.34895       1.6780601
       84.493429       18.746690
       32.155141       26.813480
       284.57071      -20.843261
       314.24291       30.531019
       115.02328      -11.268041
       297.86280      -34.806572
       181.78695      -65.130970
       19.058005       29.911862
       159.08799       50.886832
       39.384596      -17.241397
       109.79196      -59.543610
       331.07467      -50.452786
       130.42441       4.6706796
       38.849675      -23.690867
       280.54720       33.954181
       252.44802       68.298336
       60.990927      -9.3867961
       282.71711      -11.922172
       82.280838       55.053446
       339.24466       17.277840
       176.16537      -30.722979
       354.64832      -54.081867
       21.585829       63.414440
       189.45635       79.214653
       330.70716      -18.881515
       99.818120       55.911272
       60.390530      -37.272067
       79.269416       8.1863247
